-2.8073
-2.4586
1.9242
-4.0112
4.5718
-3.9606
0.72888
8.4636
-0.75345
-2.2718
-2.2135
2.3946
0.15394
2.5462
-2.9915
3.4896
0.37158
4.3439
8.3428
-4.353
-2.6196
4.5718
-3.8235
-1.6831
-4.6795
8.3368
5.5777
2.1624
-4.4113
3.4202
4.9068
3.308
-2.3874
1.7305
8.1628
-0.80743
-0.46641
1.6277
-2.1055
-3.7541
-3.0224
-3.7044
-0.41243
2.3235
-0.79372
-3.7867
0.48382
-3.7867
-2.4534
2.8753
3.4356
-1.5572
-0.51439
-1.1605
-2.4774
1.6371
-0.61979
-2.2384
4.5701
-0.37644
4.5907
1.7785
-4.0943
1.5454
-1.1536
2.0938
2.7587
-3.0789
-0.28219
-0.9351
2.3792
1.093
-3.9486
3.643
-4.5775
0.57551
-2.5477
1.7828
0.9885
3.3979
-3.3668
0.95766
-2.9375
-0.23849
-0.63435
0.80685
7.5339
0.84198
2.0707
2.1041
-2.7876
0.72545
-2.7824
7.9632
2.1161
8.347
0.64577
8.1517
-4.0112
2.5394
3.6935
2.6413
0.62863
3.9823
0.96108
1.997
-3.5288
-1.6643
-4.2536
-3.3437
3.7304
0.094818
-3.2074
-1.2804
-1.2744
-0.822
-1.8245
-0.1708
2.29
4.6429
-3.4071
-4.1722
1.7425
7.1466
1.1804
-1.2153
3.3285
2.2558
0.055404
1.7425
3.6884
-2.8913
0.37929
2.033
0.85998
-3.6136
-4.9417
-2.6256
-4.1174
-3.7044
4.5512
4.1905
-1.4244
3.4579
-3.8561
3.0895
1.1033
5.1827
0.68861
0.071684
-2.4166
2.6756
0.20278
-4.2039
-0.023425
5.3404
5.947
2.883
3.6558
2.1341
-1.4304
-3.2794
0.26876
-3.3565
-0.00029081
2.5839
-0.96252
-2.0062
2.0458
-1.5495
1.2421
2.2806
8.8294
2.0938
2.4931
3.4391
-3.725
-1.7157
8.3316
-3.0361
0.22849
8.03
1.8419
-0.97709
3.0946
1.931
3.8024
-0.036278
2.8684
6.6608
4.6429
-4.1131
4.1785
0.68604
0.70403
-1.6643
-1.9153
0.23705
2.4648
-2.8167
2.3603
3.5573
-3.7867
-3.8552
0.65005
-0.26334
-2.8904
-3.5913
-0.47755
5.4672
-4.6067
-4.2759
-3.7258
4.9085
0.83256
-1.3267
0.2362
5.6566
1.2061
-2.953
2.9438
-0.75688
5.989
-4.5852
3.1143
4.3465
1.2421
-1.331
1.9259
0.041694
7.0806
3.0835
4.7355
7.3848
0.51124
2.1761
2.4408
2.6302
1.1693
-3.1783
-1.0456
7.5382
1.3964
-1.0671
-3.2477
2.0116
4.7449
5.2119
0.7572
-1.672
3.1769
-1.6917
-0.9094
-1.3721
-4.1388
3.8281
2.2232
0.53009
0.95851
2.1135
-1.6814
0.59693
-0.9788
-3.2846
-0.79287
1.3758
0.15394
-4.1508
4.6429
-0.17594
-4.2699
-3.8081
2.0416
-0.40301
0.12138
-1.9513
0.45383
8.4182
-2.7473
-0.16823
7.7267
2.1992
3.6259
8.0883
-2.953
8.15
8.09
-1.4175
4.3225
0.12224
0.61406
0.078538
-2.4294
4.816
3.9249
-0.5778
-2.0541
-0.19651
5.4552
-3.2417
4.5718
-0.2702
-1.2641
2.5454
-3.0087
-1.3687
-3.2863
8.5193
-4.2185
-2.7696
2.4957
3.5025
3.2403
-1.7971
-2.0567
4.5718
-2.2598
0.72974
7.9186
1.3458
3.0895
-3.9032
7.7618
-3.9298
1.9276
1.0313
8.3573
-4.9288
-0.67377
2.9044
2.5188
4.2171
1.291
-2.2306
1.8076
4.2882
0.70574
4.9334
2.2138
0.0099913
-2.3515
0.15565
0.89082
-1.4029
-1.3035
-1.6643
1.6671
1.5806
0.80857
3.1392
2.1787
3.0895
4.5718
2.045
-4.0351
1.8848
-3.3111
-2.9033
-3.3
1.8231
4.1914
0.90967
2.0878
1.3424
-2.4089
1.6011
-1.7791
-0.37816
0.22677
1.1582
-3.1749
2.8633
-1.3824
-2.3386
6.8681
-1.3884
-3.5348
2.6542
-3.761
0.48554
6.2332
-4.084
4.2908
-4.0463
-1.5435
0.015989
1.9353
2.8358
2.5899
-4.1602
-1.9213
0.44784
1.6765
-3.8869
0.28846
-1.3335
0.34073
1.3912
2.0416
0.27561
6.4911
7.7687
0.57722
2.2309
0.7572
1.2353
1.0742
1.099
0.72202
0.3493
4.6472
1.3621
-3.9075
2.53
-3.521
4.044
-4.0857
5.2727
7.0078
8.6127
2.8204
7.701
-4.3239
0.94566
0.092248
8.2142
2.7827
-2.953
0.80342
6.3729
-0.1828
2.0013
-3.2511
-3.1123
-4.2931
-2.1672
0.7572
1.6825
-1.9693
-0.28305
2.1041
-1.4912
-3.8209
0.85141
0.46497
2.7742
0.20021
0.92852
-3.725
3.1674
4.3439
-2.6848
-1.2281
-3.9795
0.52924
-3.4414
2.6491
4.2933
3.0423
-2.4089
-1.361
-2.9007
-2.3429
1.9079
0.38015
0.67661
1.9387
-2.9024
-3.2794
2.0133
-0.7843
1.0588
-2.0439
-0.81857
-3.1749
2.0133
0.7572
-1.2042
7.1303
1.9379
7.1903
-3.3034
0.50781
1.2798
0.1368
-2.2692
-2.432
-3.1886
1.093
0.19678
0.26019
5.1305
2.769
-3.3394
5.9856
-3.7121
4.367
8.4756
1.2421
0.55837
0.70403
2.0107
8.132
0.20792
-0.73546
-2.9941
0.022844
-2.1235
0.44698
-0.52725
1.8908
1.5215
-3.3994
-2.5905
3.1375
-2.8544
2.9464
2.1384
1.608
-1.0568
-0.18537
-2.1492
4.0243
2.5574
2.057
-1.5323
-1.3284
-0.41929
1.3501
0.69118
-2.4097
-3.7301
2.7236
1.0708
-2.4491
8.527
4.1494
7.7575
5.6703
-0.48355
2.2566
0.55923
-3.1466
-0.057699
0.66633
3.3491
-2.2324
3.9746
1.0176
1.9507
0.75973
-3.6316
-4.0788
3.8238
6.3549
0.6312
-0.056842
1.0279
3.3662
5.1707
-4.3582
7.6659
0.91738
-3.8929
4.6369
0.29018
-0.28562
-3.0515
0.83598
8.3873
0.78543
4.2916
-4.413
-3.6461
-2.0867
-0.23592
-1.1982
3.3954
5.1022
-2.0807
-2.5605
-0.40472
1.4563
8.4207
0.69718
3.8803
0.4187
-2.0995
-3.1338
-1.6351
2.6773
8.6564
4.4578
6.7756
-1.2538
-1.0713
1.0673
-4.8003
0.41099
2.2129
1.5506
1.8513
-3.557
0.66119
-1.331
-1.4004
0.41613
-4.7857
-1.2701
-2.5228
2.1307
-4.383
6.9144
0.77344
-0.029423
-3.7044
-1.5443
-3.1338
-0.15966
1.5754
3.5427
2.1401
0.50439
-1.5195
-2.4243
2.3689
0.54723
4.5864
1.6928
3.8255
0.7623
4.2265
4.2625
1.7048
-2.5425
2.8093
8.0831
-1.3258
-0.58808
2.5334
0.23448
1.8762
0.32616
1.8128
2.3183
-0.11168
-1.2821
1.3098
1.1941
8.0514
-0.094543
5.9068
2.5976
6.0241
1.0579
-3.3085
1.7022
-3.1338
8.2888
1.3278
2.1375
0.91995
-3.6359
2.6491
-1.7345
0.84027
5.7568
7.7215
1.2421
1.4281
3.5008
3.0895
3.1529
3.1863
-1.9136
0.49839
-0.31475
-3.6873
1.7125
-1.1425
1.0271
5.2333
3.3577
3.6884
2.6439
-2.0824
1.1959
0.46583
0.065686
2.5865
-2.4037
1.2421
-3.9272
-1.6326
2.1992
-1.097
-0.87598
-1.1622
5.2804
-4.0926
-2.0156
-4.3839
3.9943
2.2935
-1.8511
2.3757
1.0219
3.4553
-1.983
0.20706
3.0312
8.2219
-1.9967
-3.9323
2.0321
-3.0326
3.0895
-0.409
-1.8219
5.5854
0.17965
7.0858
-2.9512
1.1504
-3.3917
2.8273
1.4461
-1.331
0.75716
6.2204
-3.2049
-0.62064
2.1092
2.4537
1.8385
-0.81857
2.2215
-2.4766
-0.66263
8.0514
0.73573
2.8093
-0.28819
-0.051701
-2.5425
2.9164
-1.9427
0.78457
6.6042
6.0096
4.7466
-0.24877
-0.3336
6.5991
4.8477
-0.2702
-3.9366
1.9619
-0.023425
1.3989
1.4015
0.35273
