-1.3927
-0.031994
7.8929
15.682
10.083
1.3347
-2.5323
-1.8219
-0.28733
5.8245
9.3444
5.3524
-0.31818
-3.6461
0.67661
-0.72261
2.4023
9.0162
13.178
5.4681
-0.47841
-4.5064
-0.76888
1.4238
6.6188
9.1139
1.9901
-2.6411
-4.9408
-0.31218
2.4391
5.8039
4.6575
-1.9804
-4.9023
-5.2613
-0.38758
0.32274
1.219
-0.19565
-3.2888
-4.0557
-3.3857
-0.51954
0.0091344
0.77258
0.68604
-0.99337
-2.9452
-2.3729
-0.46298
-0.084261
2.8718
10.74
10.982
-0.3336
-1.4192
6.6779
17.677
12.455
2.3877
-1.3575
0.044265
7.4936
14.97
10.177
1.2798
-2.3969
-1.9702
-0.066267
5.7491
9.0694
5.2419
-0.24192
-3.6067
0.52581
-1.0002
2.8093
9.3727
12.796
5.2761
-0.45613
-4.407
-0.92311
1.321
6.839
8.4156
1.8471
-2.4706
-4.772
-0.17252
2.6225
6.103
4.8486
-1.9402
-4.8457
-5.0394
-0.27448
0.16165
1.1273
-0.52553
-3.2828
-3.9795
-3.282
-0.47841
0.23191
0.56265
0.55323
-1.2898
-3.0464
-2.3163
-0.72689
-0.42357
2.5377
10.239
10.385
-0.45356
-1.4252
6.6479
17.309
11.966
2.1324
-1.1664
1.4024
9.1122
15.557
8.9999
0.7623
-2.2701
-1.6488
0.87711
6.492
9.2416
4.5624
-0.64121
-3.5767
-0.19908
-0.47241
3.7115
9.6152
11.915
4.3919
-1.1793
-4.4044
-0.45699
2.3055
7.0858
7.719
1.7048
-3.0121
-4.6435
0.15822
3.3602
6.0987
3.4399
-1.9702
-4.9888
-4.8431
0.27818
0.68946
1.518
-1.0731
-3.1183
-4.0129
-3.0669
-0.35845
0.61663
0.78886
0.56008
-1.6283
-2.8416
-2.2169
-0.35502
0.27218
4.5735
11.832
10.939
-0.79544
-0.51182
8.9494
17.927
11.39
1.949
-1.2144
-0.19651
7.1398
14.369
10.44
1.704
-2.1835
-1.7671
-0.32846
5.5255
8.9991
5.355
0.020273
-3.4816
1.0836
-0.88369
2.2635
8.7086
13.055
5.6454
0.096532
-4.3882
-0.65063
1.2473
6.0344
8.4756
1.7956
-2.3437
-4.8277
-0.13396
2.7039
5.63
4.8151
-1.6506
-4.5398
-5.2159
-0.43642
0.1548
1.1582
-0.34474
-3.1098
-3.6307
-3.3085
-0.69347
-0.061983
0.66719
0.45041
-1.1622
-2.9812
-2.1964
-0.55552
-0.46813
2.3586
10.54
11.388
-0.1888
-1.4089
6.2109
16.958
12.363
2.6045
-1.2341
1.3818
9.155
14.888
8.6521
0.77344
-2.2563
-1.8108
1.0039
6.7807
9.3333
4.5367
-0.52725
-3.6684
-0.24278
-0.47584
3.8058
10.218
11.955
4.5641
-0.98223
-4.4379
-0.49212
2.518
7.6796
7.7764
1.3749
-3.0584
-4.569
0.54723
3.0141
6.6753
4.0483
-2.3
-5.1362
-4.9194
0.044265
0.83598
1.6054
-0.94024
-3.1046
-4.1594
-3.0112
-0.35845
0.5558
0.83341
0.70146
-1.6411
-2.7756
-2.1501
-0.53324
0.18564
4.2591
11.643
10.405
-0.6969
-0.38587
9.0162
17.579
10.523
1.7956
-1.2864
1.0947
8.8483
15.677
8.8054
0.90539
-2.2829
-1.7859
0.78543
6.7156
9.4044
4.7749
-0.47327
-3.5562
-0.049987
-0.44499
4.1211
9.9176
12.669
4.7843
-0.84085
-4.4738
-0.5898
2.4357
7.9735
8.1088
1.6131
-2.9581
-4.5544
0.57208
3.8949
6.7019
3.8298
-2.0267
-4.976
-4.7986
0.13081
0.73745
1.584
-0.95138
-3.1954
-4.0557
-2.9607
-0.31304
0.4247
0.68261
0.61663
-1.6968
-2.9512
-2.2469
-0.28562
0.045979
4.026
11.868
10.969
-0.63435
-0.67891
8.4773
17.605
11.442
1.9336
-1.2256
0.060545
7.9597
15.62
10.332
1.333
-2.378
-1.7302
-0.33617
5.8022
9.7942
5.7568
-0.21793
-3.6436
0.85483
-0.62578
2.5154
9.233
12.982
5.7902
-0.42014
-4.5081
-0.49126
1.9833
6.8964
9.0239
2.1067
-2.3506
-4.9314
0.070827
2.9618
6.0122
4.7689
-1.7859
-4.7412
-5.2133
0.014275
0.6809
1.7151
-0.051701
-3.1963
-3.9692
-3.4054
-0.38415
0.2182
1.075
0.97565
-0.75774
-2.8673
-2.3652
-0.64206
0.1805
2.9986
10.525
11.244
-0.07912
-1.4938
6.3489
17.112
12.555
2.7056
-1.3721
0.05369
7.5416
15.656
10.303
1.4855
-2.3086
-1.9385
-0.48869
5.6154
9.7668
5.6429
-0.20165
-3.5947
0.67833
-0.9351
1.997
8.9922
12.796
5.5383
-0.35417
-4.4327
-0.64892
1.4041
6.2169
8.784
2.2241
-2.2126
-4.7275
0.10938
2.3457
5.9179
5.0585
-1.7542
-4.7018
-5.1508
-0.25392
0.79571
1.5026
-0.15538
-3.3522
-4.0771
-3.4859
-0.6532
0.25933
0.82742
0.6569
-1.0054
-3.1432
-2.5237
-0.88541
0.1865
2.7185
10.092
10.427
-0.23678
-1.3575
6.4534
17.083
12.129
2.5325
-1.4166
-0.031137
7.5339
15.442
9.8208
1.488
-2.4132
-1.7842
-0.38587
5.6506
9.5766
5.606
-0.2462
-3.6778
0.68604
-0.83228
2.1144
8.862
13.06
5.5992
-0.42785
-4.5415
-0.49212
1.692
6.9255
8.9717
2.2009
-2.2726
-4.8166
0.029699
2.6473
5.953
4.8254
-1.6823
-4.7635
-5.149
0.022844
0.62863
1.3647
-0.10397
-3.3668
-4.0746
-3.4405
-0.60008
0.16594
1.063
0.7126
-1.0465
-3.1226
-2.5862
-0.82114
-0.035421
2.7073
10.096
10.333
-0.3019
-1.4801
5.983
16.717
11.839
2.6328
-1.3455
0.18307
7.8981
15.161
10.265
1.62
-2.426
-1.8356
-0.18794
5.8408
9.682
5.6026
-0.11339
-3.5467
0.89768
-0.84085
2.135
9.4652
13.473
6.0139
-0.40386
-4.4987
-0.58123
1.2815
6.5537
9.4926
2.1195
-2.3138
-4.9143
-0.083404
2.8127
5.8699
4.9857
-1.8785
-4.8037
-5.2861
-0.41929
0.52667
1.7082
-0.0954
-3.3111
-4.0309
-3.4302
-0.72004
-0.21621
0.87026
0.93452
-0.90597
-2.9401
-2.4697
-0.71232
0.045122
2.9241
10.485
10.887
-0.40215
-1.4501
6.4774
17.593
12.393
2.6842
