-1.9948
0.35084
0.96765
-1.281
0.96765
1.3763
-2.234
-2.9452
0.14654
0.5461
-0.65259
0.59912
0.50214
-3.0603
-6.6797
-2.353
1.1319
-0.12243
-2.5677
0.057313
0.62627
-4.0431
-4.8668
0.024986
-0.33708
-1.7323
0.7517
0.11033
-4.0909
-6.7754
0.21766
0.88231
0.16981
0.57714
-2.6621
-6.0823
-5.9763
-0.86078
0.44524
0.066365
-0.32415
-1.6741
-2.9155
-3.5737
-3.703
-0.99785
-0.055186
-0.53104
-1.0276
-1.0897
-1.0974
-1.7453
0.44653
-1.0172
-0.82199
-1.2797
-0.58535
0.17498
-3.3202
-1.4375
0.77627
-2.5819
-0.15605
0.61334
-1.3884
0.65084
1.0414
-2.6711
-3.4392
-0.44699
-0.10691
-0.98233
0.29524
0.31593
-3.4457
-7.0107
-2.7151
0.60688
-0.85949
-3.1353
-0.32544
0.41938
-4.4103
-5.0801
-0.20906
-0.59053
-1.9948
0.6017
-0.062945
-4.4853
-6.959
-0.064238
0.65214
-0.021566
0.44007
-2.9013
-6.3862
-6.0422
-1.0224
0.16076
-0.21036
-0.61768
-1.7841
-3.1004
-3.8879
-3.937
-1.1672
-0.2957
-0.82458
-1.2629
-1.1957
-1.1724
-2.1125
0.097399
-1.1543
-1.0612
-1.8228
-1.1246
-0.060358
-3.2194
-1.4543
0.6017
-1.6185
0.77369
1.2379
-0.14182
2.1353
1.7758
-2.2224
-2.4319
0.29653
0.36119
-0.10432
1.4797
0.75817
-3.1896
-6.8607
-1.6677
0.99739
-1.2332
-2.7552
0.3211
0.39998
-4.1414
-4.0327
-0.021566
-1.2112
-1.7168
1.1008
0.003003
-3.9125
-5.5457
0.00171
0.14266
0.052141
0.65472
-2.8987
-5.5909
-5.0323
-0.4638
0.61981
0.3211
-0.11725
-1.7207
-2.7784
-3.9047
-3.2646
-0.7819
0.05602
-0.56854
-0.59958
-0.56725
-0.59958
-1.0728
0.47627
-0.84268
-0.4082
-1.2138
0.0055892
0.68058
-2.0323
-0.083634
1.353
-2.3789
0.0081754
1.3323
-0.61639
0.97153
1.7435
-1.9276
-3.2608
-0.13794
0.79955
-0.28406
0.80472
0.76334
-2.7836
-6.6176
-2.8974
0.77239
-0.21682
-2.7202
0.31335
1.1965
-3.8116
-5.4306
-0.3707
-0.20777
-1.8733
0.91722
0.39998
-4.0069
-7.5034
-0.23751
0.91722
-0.033204
0.83834
-2.3931
-6.1211
-6.3694
-1.2086
0.36507
-0.12372
-0.20518
-1.3961
-2.7965
-3.4004
-3.725
-0.94742
0.068951
-0.48579
-1.0431
-0.78061
-0.81165
-1.6767
0.39481
-0.89182
-1.0741
-1.1672
-0.76121
0.3974
-2.3052
-0.95518
1.3776
-1.5668
0.7336
0.94049
-0.47027
1.8198
1.4189
-2.4642
-2.2612
0.48791
0.34179
-0.10303
1.3866
0.6586
-3.456
-6.5775
-1.3974
1.1836
-1.0043
-2.1603
0.68705
0.42843
-4.3741
-3.6371
0.51636
-0.66682
-0.97716
1.3569
-0.12243
-4.1414
-4.9379
0.76205
0.89912
0.903
0.59395
-3.2362
-5.8198
-4.4983
-0.091393
0.89394
0.64955
-0.11855
-1.9379
-2.9388
-3.8957
-2.9155
-0.30993
0.41809
-0.19225
-0.65647
-0.77027
-0.82716
-1.091
0.27972
-0.94613
-0.53104
-1.2474
-0.059065
0.099985
-2.6181
-0.48967
0.97282
-1.4647
0.88619
0.96894
-0.66165
1.5289
1.5806
-2.1978
-2.2069
0.74524
0.74394
0.081882
1.547
0.97024
-3.0888
-6.5206
-1.4905
1.5043
-0.5026
-1.9082
1.106
0.96118
-4.0483
-3.9642
0.49826
-0.45475
-1.0806
1.5754
0.2099
-3.8672
-5.4668
0.77757
1.1681
1.0233
1.0271
-2.7254
-5.6659
-5.0142
-0.45346
0.71162
0.57843
0.12843
-1.5966
-2.6892
-3.8194
-3.2207
-0.71984
0.061192
-0.46768
-0.66165
-0.68104
-0.70044
-1.122
0.55127
-0.57889
-0.33449
-1.175
0.03533
0.31981
-2.4927
-0.57113
1.1358
-2.6621
-0.088807
0.9211
-0.95647
0.98187
1.6543
-2.3491
-3.5646
-0.36036
0.31593
-0.28018
0.87325
1.0426
-3.1004
-7.5344
-2.8573
0.59912
-0.79871
-2.684
0.16723
0.89136
-4.012
-5.2159
-0.44829
-0.64484
-1.9547
0.94308
0.42714
-4.1323
-7.3004
-0.44958
0.046968
-0.94354
0.36119
-2.5017
-6.1043
-6.7844
-1.0871
0.45171
0.099985
-0.1457
-1.7116
-3.1832
-3.8608
-4.572
-1.2966
0.045675
-0.3707
-0.89828
-1.2746
-1.2642
-2.3931
0.36378
-0.16381
-0.3901
-2.1203
-1.1582
0.11162
-2.8017
-1.5099
0.85774
-2.8483
-0.23105
0.70774
-1.6806
0.38059
1.1189
-2.3724
-3.8918
-0.52716
0.42584
-0.60216
0.54998
0.55774
-3.1457
-7.5887
-3.1457
0.52283
-0.50001
-2.825
-0.12889
0.47498
-4.2655
-5.4719
-0.45863
-0.62285
-2.1138
0.49826
0.097399
-4.3948
-7.5642
-0.45734
0.37671
-0.55044
0.48921
-2.5987
-6.3913
-6.9642
-1.1039
0.32757
-0.11984
-0.66553
-2.0711
-3.5569
-4.1802
-4.6832
-1.4957
-0.2957
-0.82975
-1.2035
-1.4453
-1.4802
-2.4409
0.044382
-0.82846
-0.86725
-2.1151
-1.3806
-0.056479
-3.0345
-1.6017
0.71808
-2.8948
-0.35389
0.59007
-1.4983
0.47498
1.2069
-2.4241
-3.8491
-0.66423
0.19567
-0.73018
0.48533
0.45688
-3.2944
-7.5887
-3.0358
0.42067
-0.86983
-3.3125
-0.47156
0.23317
-4.2526
-5.3207
-0.43018
-0.66811
-2.3427
0.50731
-0.0060486
-4.3418
-7.3987
-0.37846
0.45946
-0.41984
0.59524
-2.6129
-6.2323
-6.8517
-1.1595
0.16464
-0.19225
-0.65259
-1.9909
-3.4276
-4.0133
-4.5396
-1.444
-0.3332
-0.86208
-1.3121
-1.2759
-1.2862
-2.5095
-0.16639
-1.0147
-1.1181
-2.1836
-1.4181
-0.13924
-3.2168
-1.8978
0.53705
-1.9573
0.44653
1.2289
-0.75216
1.1629
1.9103
-1.8862
-2.834
0.23447
0.62369
-0.12889
1.0323
1.2198
-2.6737
-6.6241
-2.0323
1.2418
-0.34872
-2.6271
0.36895
1.2017
-3.6965
-4.2629
0.41291
-0.1276
-1.4116
1.4448
0.82412
-3.7483
-6.4172
0.48662
1.212
0.32886
1.3258
-2.1112
-5.8741
-5.9181
-0.40173
0.9017
0.56421
0.065071
-1.4259
-2.8457
-3.5233
-3.6345
-0.65389
0.42972
0.003003
-0.62156
-0.80518
-0.8388
-1.678
0.66119
-0.42113
-0.52846
-1.2953
-0.55949
0.34179
-2.7771
-1.2823
1.1952
