-0.44699
-1.4621
0.10645
-3.5944
-0.9888
-3.1625
0.56421
-0.60216
-0.61251
-0.73535
-0.80647
0.86291
-3.1108
-2.9362
-0.57242
1.4771
0.58619
0.6017
-2.1086
-4.1013
-0.48708
-0.9888
-4.0172
-1.6599
-3.7483
-2.8715
-0.63578
-3.7405
-3.2258
1.0905
0.15429
0.48921
-0.96164
-4.8629
0.60817
-0.69139
-0.69268
0.77627
0.29653
-3.4379
-0.59699
-6.8103
-1.9638
0.066365
0.48403
-7.5034
-2.2134
-7.5034
-0.68234
0.087054
-0.5776
1.0103
-1.4944
-1.2371
-0.50648
1.1875
0.38576
0.43878
0.98963
-7.0495
-0.24398
-0.47156
-4.3457
-0.26079
1.5651
0.20085
0.31981
-2.7746
-2.6608
-2.4332
0.48274
1.8276
-3.8582
1.0879
-4.4271
0.41938
-1.872
-0.72113
-0.87371
0.84351
-1.0224
0.83058
-1.281
-2.9634
0.86937
0.71679
1.022
-0.17156
0.67412
1.0245
-1.0341
0.39481
-1.4336
0.20602
0.61334
-2.7099
0.89394
-0.081048
-5.0284
-5.5793
-1.1427
1.6168
1.1189
-0.23751
0.97282
2.1547
-4.7672
-1.8384
-4.003
-4.122
-0.1095
-0.026738
-2.5948
0.76076
-1.5759
-0.12243
0.14007
0.4905
1.8663
-0.2957
-4.109
-4.7582
-5.1241
0.89136
-5.2263
0.3211
-5.9426
-0.15734
1.909
1.3388
-0.29829
-1.5086
0.56938
-0.40432
-5.3336
-4.0819
-3.9202
-1.0341
-4.2797
-6.8103
1.234
-0.99138
0.60429
0.83705
-4.2228
-0.9849
1.7008
1.2922
0.63403
-2.5302
-1.5875
-3.3241
1.2095
-5.0931
-2.2586
-0.15475
0.21507
0.019813
-0.61251
0.3211
0.86291
-1.2009
-3.7883
-3.3526
1.6401
0.21766
-1.8112
-2.7125
-5.2728
-2.4746
-0.5621
1.0323
0.94955
-5.6504
0.37671
-0.12501
-5.8224
-0.23751
0.35214
-2.8224
-0.147
-0.028031
-4.3289
-0.88406
-4.8978
-4.3237
-0.15087
0.049554
0.27714
-0.57889
-0.2957
-4.6056
0.59136
0.80731
-7.5836
-1.8384
-0.86078
-2.0116
1.1409
-0.30087
-3.4198
0.26809
-7.5034
-4.3056
-0.92544
1.5534
-0.52716
-1.356
-1.8461
-0.72371
-4.3263
-4.978
-1.3069
0.54998
0.753
1.4551
-0.11984
-0.41337
-3.6241
-5.8638
-3.5258
0.228
-0.58277
-4.206
-0.37199
0.78662
-0.5621
-5.4707
-0.37458
1.9284
1.031
-5.4435
-0.2776
0.36507
0.5099
-0.083634
-5.2689
1.1047
1.6892
-3.0086
0.23447
0.78403
-0.36424
0.075416
-1.4543
0.67412
1.225
-0.29312
-0.4444
-2.0815
0.0042961
-4.3922
-1.872
1.1668
-5.0646
1.6297
0.22283
0.84998
1.0077
0.35084
-0.94742
0.79825
-2.4668
-1.1608
-0.90863
0.081882
-1.6134
-4.4582
-0.2957
1.6245
-4.9159
-3.3642
1.1319
0.44912
1.1435
-0.36165
0.51248
-1.8836
-1.9353
-3.0771
0.90946
0.50084
-0.32544
0.69222
-5.8638
-0.89828
-1.7349
-4.0327
0.7155
-1.4466
-0.40691
-7.7853
-0.19613
-0.33967
0.12585
-2.2302
-3.1508
-2.1888
-0.56984
-1.2991
-0.9888
0.71291
-1.3858
-3.2763
-3.2013
-1.7853
-4.8448
-2.1203
-4.4245
-1.0767
0.36636
-0.23751
0.18404
-1.1763
-0.90345
-0.9888
0.075416
-1.4892
-1.5487
-0.037083
-0.9849
-3.3487
0.93532
-4.0819
1.7991
0.96894
-1.5216
-5.2366
-0.46898
0.11033
-0.17027
0.90429
1.6556
-0.66553
0.89782
1.5418
0.33662
0.82929
-0.12501
0.39481
-0.71984
-6.8194
1.1823
-3.9151
0.21248
-1.8384
0.91593
0.39352
0.4336
-0.91639
-5.6038
-0.9849
-0.9888
-0.19355
-3.9564
-3.8853
-0.96811
-0.7819
-4.2888
-5.375
0.16981
0.25128
0.62627
1.2133
-0.056479
0.96765
-0.020273
-2.5405
-0.1651
0.85774
-2.9944
-0.017686
-4.0728
-0.75604
-0.50648
-4.3276
-1.2151
-5.2107
-3.3371
0.36119
-0.30346
-3.6991
0.54739
-4.5629
-4.1633
-1.7414
-3.4638
1.1991
-3.2737
-4.9728
-3.3332
-2.2224
-0.16769
-3.7366
-7.7581
-1.7517
0.58489
-1.1621
1.2004
-1.1556
-0.75346
-0.85302
0.66377
0.30947
-0.4444
-2.9595
-3.3409
-1.131
0.96118
-0.41337
1.0879
1.6181
-3.5323
2.4495
-1.872
0.95343
-4.2539
-0.43536
0.42455
-1.4297
-3.7418
0.62627
-4.3276
-4.2267
0.58102
-2.0659
-4.0974
-5.8638
0.29136
-0.41596
-2.4099
0.22024
-1.5694
-2.7164
-3.8142
-0.74182
-0.4444
-0.46122
0.026279
1.5625
1.8922
-4.0082
-3.7133
0.30688
0.49826
-0.2026
-0.056479
0.60558
-4.3133
1.0866
1.3517
-0.92544
-1.4996
-3.4638
0.47886
-4.0069
0.47369
0.64696
1.2741
-1.3884
-1.4659
-0.96682
-0.85302
-3.4405
1.3763
-8.5482
-0.43406
-1.0379
-1.4944
-0.87242
-2.1978
-0.67587
-0.033204
-1.8784
-2.9957
2.0564
-0.4444
-0.38751
0.027572
-0.040962
-0.67587
-1.0509
-3.8155
-2.4565
1.6543
-1.144
-0.98363
-0.92285
-2.8444
0.57196
-2.053
0.8267
-3.0901
-4.4194
0.078002
-6.1185
1.0698
0.75558
-0.5621
-0.44182
0.35214
-0.18967
-0.2401
0.33662
-0.58665
-1.3082
-3.2724
0.19309
0.99868
-2.0789
0.73231
0.903
-4.1685
-0.36553
0.42843
-0.60863
-5.7888
0.75429
0.7155
-0.73147
-0.30087
-4.1814
-1.0483
-0.061652
-0.18967
-1.7957
-3.3021
-2.6478
1.9284
-7.5487
-0.24527
-3.6991
0.79438
-0.9332
-1.2216
-1.8668
-0.28406
0.64179
-1.3509
0.95343
2.1625
0.33791
-3.9784
-7.1025
0.94696
-0.49225
-0.65259
0.36119
-2.0401
1.9375
1.0013
-1.2461
-4.3664
-0.81682
0.003003
-0.39786
-2.1694
1.106
-0.029324
1.0763
-4.7401
0.72326
-7.6418
-4.1802
1.4202
-2.1953
-1.6677
-1.7155
0.64955
-0.54139
0.6767
-1.2487
-4.0211
-1.2047
-0.80647
-1.7608
-4.1284
-0.53751
-0.67975
-1.1272
-1.4905
-7.8719
0.65343
-0.44829
-0.55691
-0.70432
-2.1784
-1.9677
-2.5276
-1.3043
1.212
-1.722
0.21636
-0.39915
1.0129
-2.5909
-0.42113
-4.3534
-3.0332
0.30817
0.6961
0.40257
-4.4039
0.34179
-5.4707
-1.6509
-6.9978
-4.3366
1.1189
-0.89958
-4.3793
-4.0327
0.70127
1.2095
0.44912
-6.8103
-0.5582
-2.5276
-0.26208
-3.2233
0.15429
2.0862
1.106
0.40128
-1.2384
0.75429
0.51248
-0.3151
0.64438
-1.2526
0.81119
0.81377
1.1577
0.90946
0.5461
-0.79742
-0.34355
0.22283
0.41809
0.20214
0.27843
-0.32544
1.1151
-0.61251
0.303
-0.58665
-4.0392
0.5655
-0.3526
0.49567
-1.859
0.57196
0.55257
0.18274
0.40774
-4.0767
-2.9026
-2.5276
-1.2991
-0.1832
0.94437
-0.6694
-1.3754
0.066365
1.0789
0.55257
-0.11596
0.453
-0.56208
2.0202
-0.078462
-0.98492
-0.08622
-4.8888
-0.53751
-0.70044
-1.1828
-6.2543
0.41421
-1.0573
0.5461
-0.40173
-0.0060486
0.74912
-4.837
-1.1698
-0.64613
-1.4543
-1.5759
-0.54785
-0.061652
-0.5621
-4.3444
-1.7375
0.48403
-4.0159
-3.5569
0.28231
0.41291
-4.4659
-0.065531
-4.3379
1.3051
0.22541
-0.12889
0.78532
1.4008
-0.25174
0.40774
-0.066824
0.71679
-1.8073
-0.35001
-4.1827
0.26809
-0.59182
-0.9849
-2.2431
0.23576
1.3039
1.1797
-0.40303
-1.4724
-0.5388
-1.5474
-0.71208
-3.9306
-5.4707
-0.44441
-1.4828
-3.1095
-1.7129
-3.9629
0.52024
0.38317
0.47886
-4.5965
-1.2099
-1.6728
-0.41855
-7.6612
0.24481
-1.6638
1.4926
-1.2823
-0.068117
-0.37458
-0.75734
-0.53104
-0.43277
1.137
-3.2698
-0.56466
0.57455
1.437
1.2379
-4.0728
0.18662
1.2314
-3.9668
1.1952
0.2836
