8.6661
8.1674
-2.6383
9.5228
-4.4552
9.6718
3.0129
-6.81
5.7588
9.1772
8.7779
-2.7066
7.6625
10.843
8.7261
-3.3895
3.0646
2.8473
-4.8794
11.027
7.8902
-4.4552
10.162
8.8855
9.887
-5.4981
-3.7413
8.3909
9.8187
-3.3584
-0.17797
3.6274
7.617
9.4111
0.80908
6.4417
6.0195
0.81322
3.1929
9.7008
8.722
9.2207
9.2931
5.8395
6.9176
9.5663
6.6258
9.5663
6.065
3.286
-4.8835
3.9834
5.825
6.1499
5.496
0.80287
6.7769
5.0097
-4.1096
11.36
0.44696
5.527
11.296
-1.1174
3.1039
2.599
-4.0765
9.5332
7.7846
8.9848
-2.3548
0.49248
10.015
-3.4495
10.907
3.5364
7.9853
6.1437
7.6439
3.9647
9.0862
2.2907
8.5978
7.7763
6.63
2.6756
1.9037
6.8141
-2.7956
0.81529
7.6377
3.584
8.2068
-6.3175
1.7837
-4.6062
1.076
-6.8804
10.928
11.404
-5.1856
-2.4211
-0.49871
-4.6145
0.22761
1.2395
10.665
7.886
9.5414
10.831
-4.4676
5.6946
9.647
6.8162
6.9176
2.9135
7.4163
6.7955
0.70768
-3.7971
10.688
10.402
9.1214
1.9224
9.9884
7.2011
12.952
-2.8846
1.3098
1.1112
-4.3414
8.6703
6.1416
5.5395
9.3987
11.22
9.4669
8.2026
10.539
9.2207
0.94358
-0.34765
3.3336
-3.2467
10.154
-3.2633
0.78425
-0.1759
0.9829
7.4018
8.2274
11.921
0.21313
11.112
8.1654
-0.99533
-4.5752
-3.7723
-4.4862
4.2358
3.8964
8.6165
7.8695
9.3593
1.5995
-3.2674
8.6496
6.901
11.882
6.2761
-0.0248
-2.4583
1.0657
10.727
2.4707
-3.7971
9.1297
5.6864
-1.7775
9.798
3.0149
-1.5789
8.6165
7.4101
11.946
10.88
-4.4614
6.3672
-3.6275
-5.0325
-3.7971
10.168
-0.08485
3.0687
12.378
7.886
7.257
6.0816
-2.1914
5.8747
10.826
-3.5943
9.5663
10.261
7.5404
2.2327
5.2684
9.2683
7.6046
-0.73874
9.1814
10.189
8.0081
2.3259
0.74493
2.9673
3.2964
1.0326
7.6274
10.268
12.54
6.4665
0.6394
10.533
4.1158
3.2136
-0.0248
10.137
-3.137
1.5478
1.552
11.96
-0.033118
-0.63321
2.8701
2.03
9.498
-2.1521
0.90427
9.5083
6.9321
1.5664
3.5488
6.8576
9.3821
-2.806
0.48213
-0.99326
0.7098
8.4551
-4.4552
10.111
9.1938
3.257
10.657
-3.6792
-2.9177
5.9947
0.79459
2.2948
7.2073
2.8908
7.6067
7.2052
6.6155
4.7055
9.7484
9.7939
-3.7971
2.4107
10.021
9.9946
-0.070365
6.7976
0.13863
6.2637
-0.16555
-4.7759
7.7763
7.7557
-0.46146
-2.9363
-4.0599
-0.89808
10.268
-6.4334
-4.4221
10.547
2.9487
6.2265
3.5136
11.963
6.1189
-9.2828e-06
1.1588
6.0795
7.0521
8.035
0.83391
9.0386
-4.4552
6.8369
8.7489
11.689
10.473
9.767
9.2186
-4.7863
10.179
7.6956
-2.7004
-4.9704
2.2948
5.1939
8.3847
-4.4552
5.2808
5.6574
-4.7076
2.2493
-3.2633
9.5911
2.0175
10.028
1.2829
2.4976
-6.4624
9.4607
6.8224
2.9094
2.4542
1.2436
1.3078
5.8126
1.4112
-4.0724
3.9213
2.33
5.616
6.7562
7.8653
11.509
0.23175
10.388
7.1307
7.886
0.46972
0.91254
3.1122
8.5234
10.204
-3.2633
-4.4552
5.3449
9.3718
8.0329
9.0821
8.6889
10.816
11.518
-4.2006
3.2674
4.8028
0.57732
5.5788
1.734
6.332
7.7391
3.1639
1.3781
9.9636
-3.9358
11.17
8.871
0.070346
10.773
7.8384
11.654
9.0096
2.4955
0.039307
10.146
2.6963
10.146
10.375
7.4908
11.147
-2.6611
11.532
10.423
8.2895
6.8783
5.5643
10.053
12.118
4.4303
3.1349
5.9781
0.35798
5.6222
-0.15521
-5.8395
6.9383
-2.5845
0.7098
7.4266
7.946
6.1975
1.1319
7.1018
0.46351
0.45937
9.7794
-0.15314
9.2621
-3.8696
11.108
1.3864
1.5892
-5.1153
12.161
1.2954
10.013
8.8068
6.3961
-4.809
10.841
10.268
-0.14693
-4.9518
6.3465
4.9228
8.2316
9.6325
10.086
8.7986
0.7098
6.0319
5.6802
2.1065
0.66216
10.243
9.8022
2.9942
6.1189
-3.4143
2.9653
2.9735
10.588
-3.2902
-3.9585
7.795
9.0862
9.7753
6.1251
10.216
1.8644
3.1287
-3.0729
9.0552
8.393
8.7324
7.6046
11.222
-0.44284
12.198
3.5985
8.96
7.2094
6.5079
9.2931
6.8866
6.1851
7.3108
9.7546
0.23175
0.7098
6.69
0.8546
2.4769
-0.57113
9.4007
8.3661
7.1907
2.1086
7.2797
6.4023
8.811
7.9212
2.8597
6.0423
-3.3315
10.831
11.305
-4.4076
10.322
-4.0951
-1.6037
-0.0248
6.5906
3.7061
2.5762
-6.8638
0.27727
6.3485
8.633
8.3061
5.6264
-0.35799
9.0489
2.4004
2.5017
10.754
6.1664
1.8479
5.9409
12.606
4.3682
-2.4852
6.87
5.7526
9.1566
0.96427
-2.0403
4.5731
8.8172
7.4556
7.528
1.4609
12.503
5.8312
10.357
2.2369
6.7334
7.7598
-4.7738
0.66216
-0.76771
-0.053811
1.4816
0.33521
4.302
10.851
11.654
1.1981
-4.8069
8.7903
-3.9172
6.1458
0.71596
1.0367
9.3614
9.887
-4.4117
-4.8152
3.733
7.9274
0.51524
-4.8794
-0.25246
11.174
-0.64976
12.73
10.926
0.82356
7.9129
7.586
8.0764
3.3295
-6.7748
0.9291
-5.1422
10.367
9.171
9.1566
8.0081
10.067
-4.7904
-0.8091
8.9331
8.2957
11.805
0.40143
-6.839
6.8369
-5.3036
8.5482
8.3847
8.1881
8.6413
-3.0087
-5.5871
2.4728
1.7734
3.5116
7.2321
5.1815
10.301
7.4432
-2.9156
6.4003
2.6218
10.98
2.7811
10.137
8.3682
11.88
10.181
3.2798
5.4049
9.3221
8.9951
1.8127
0.68906
6.841
9.2207
6.8514
8.1881
3.2074
7.6294
-4.449
1.1484
-0.52974
7.1783
7.6398
-2.9674
6.063
0.43661
0.7201
-5.4236
3.5178
0.97462
-3.9482
-2.3507
5.2187
-2.5163
-6.1665
7.0811
7.05
-3.0336
-0.4449
5.8561
-0.031048
6.8121
-2.5928
6.0464
10.293
2.5762
5.9781
-1.0471
9.4359
-4.5938
-3.3729
-4.3062
2.9073
10.704
10.694
8.1881
-6.9321
2.7356
-2.6528
6.8741
8.7944
-3.3109
3.7557
6.1292
0.89599
-0.56078
-0.024841
0.46351
-4.1634
-3.2633
-2.628
11.033
8.8793
5.8974
7.1328
9.3262
1.3926
6.6424
2.9508
-4.1427
-3.884
-3.584
10.822
7.6398
5.8209
7.3273
5.7919
-3.3378
5.3905
-0.0248
11.151
9.1814
0.36625
10.224
7.8612
6.8576
-3.7082
10.249
6.0299
10.464
-3.6978
4.5462
6.9942
-3.1039
1.4423
-4.8297
3.9606
3.4184
1.6223
-4.4697
6.9859
10.189
3.3605
8.5709
-3.2633
7.2673
5.4132
-0.76978
0.32694
-1.3678
8.1116
7.2756
8.5565
-3.7454
8.5234
10.137
0.70975
0.091039
10.001
9.109
11.454
-3.1081
2.121
6.7086
8.7241
7.2756
9.4318
-6.4748
12.625
-3.0957
9.6594
1.7071
8.3516
3.0294
7.6336
7.1742
0.0082678
0.66009
-4.391
8.0992
6.5989
-5.1711
0.23589
2.0755
10.148
3.1681
1.8541
8.693
0.40971
3.5757
