3.3191
-0.14279
-7.1535
-12.805
-8.213
-0.30626
2.7397
3.1991
0.12415
-6.661
-9.1359
-6.2534
-0.091058
2.8928
6.5679
2.7521
-1.8768
-9.0366
-12.931
-6.8824
-0.38696
3.3605
4.8587
-0.30005
-7.1059
-10.452
-4.3496
1.1857
3.8095
7.3708
0.45523
-5.4484
-6.3444
0.47799
4.2503
4.84
9.1048
2.7935
-1.5147
-2.0113
1.9327
3.3377
3.0729
3.3253
8.6806
3.3419
-0.062088
-0.010356
2.4748
1.9348
1.0512
1.5685
-1.4733
-6.841
-5.9037
3.8654
1.4733
-5.0966
-13.498
-8.3123
-0.53181
3.2301
-0.14693
-7.0314
-12.474
-8.0971
-0.10554
3.0915
3.2922
-0.020702
-6.6383
-9.0407
-6.0237
0.039307
3.0025
6.6651
3.166
-2.0776
-9.3263
-12.846
-6.7893
-0.24832
3.5612
4.898
-0.16762
-7.3046
-10.071
-4.002
1.1071
3.9544
7.0542
0.42212
-5.6574
-6.5865
0.57318
4.2855
5.0097
9.1752
2.6901
-1.4402
-1.7175
1.9182
3.5012
3.2322
3.4619
8.7696
3.4288
0.10139
0.3766
2.5349
1.9824
1.4671
1.9679
-0.84841
-6.2285
-5.3118
4.0372
1.4174
-4.8359
-13.289
-7.7267
-0.32696
2.9984
-1.0512
-8.4985
-12.741
-6.8452
0.25244
3.2881
2.8659
-0.69529
-7.4473
-9.0883
-5.1277
0.62905
3.1784
6.6258
2.1438
-2.8018
-10.15
-12.021
-5.7381
0.65388
3.6357
4.0537
-1.3781
-8.1157
-9.2828
-3.4619
1.852
4.0309
6.2699
-0.77392
-6.332
-5.167
0.89599
4.5565
4.7738
8.1819
1.7713
-2.2535
-0.94981
2.2121
3.6833
3.2405
3.9958
7.9295
2.6652
-0.23798
0.89392
2.4066
1.8189
1.0926
1.254
-2.4087
-7.6563
-5.5167
3.8385
0.70148
-6.841
-13.773
-7.1121
-0.05588
3.4329
0.13863
-6.8121
-12.174
-8.6289
-0.48422
2.7852
3.2715
0.39315
-6.3879
-9.1069
-6.3113
-0.23591
3.0439
6.4479
3.3129
-1.2519
-8.8131
-12.989
-7.108
-0.68287
3.5674
5.1401
0.20692
-6.4479
-9.9532
-4.0061
1.0595
3.8923
7.5032
0.60836
-5.227
-6.541
0.29176
4.2068
5.2022
9.2952
2.8763
-1.4092
-1.7672
1.9161
3.4826
3.2136
3.2239
8.8172
3.4515
0.31245
0.14277
2.3383
1.6533
1.1815
2.0838
-0.98912
-6.6362
-6.1789
3.8964
1.525
-4.778
-13.055
-8.5089
-0.60424
2.7956
-1.1816
-8.6848
-12.492
-6.6258
0.31038
3.2964
2.868
-1.0885
-7.9026
-9.3676
-5.1008
0.54214
3.3812
6.6755
2.1376
-3.226
-10.767
-12.238
-5.8395
0.39108
3.735
3.9213
-1.6906
-8.6475
-9.6035
-3.3584
1.9596
4.1199
5.8333
-0.78427
-6.7686
-5.5602
1.1029
4.78
4.8773
8.0433
1.6327
-2.2183
-1.0243
2.2638
3.6957
3.1329
4.0289
7.6584
2.5162
-0.24418
0.80494
2.6528
1.7237
1.1815
1.2271
-2.2121
-7.2135
-4.9932
3.6668
0.60422
-6.719
-13.678
-6.5389
0.18002
2.9611
-0.99326
-8.4385
-13.037
-6.959
0.18416
3.3088
2.9094
-0.82358
-7.9233
-9.5828
-5.554
0.22347
3.2674
6.6486
2.3134
-3.3771
-10.524
-12.813
-6.301
0.25865
3.764
4.1986
-1.5706
-8.7903
-9.8808
-3.7723
1.7982
3.913
6.0692
-1.0553
-6.8141
-5.7154
0.66837
4.5503
4.8525
8.1261
1.7775
-2.09
-1.1505
2.0982
3.6067
3.0977
3.8157
8.0102
2.7749
-0.097265
0.79459
2.4769
1.7734
0.99945
1.5706
-1.8624
-7.5756
-5.6636
3.8468
0.73252
-6.4624
-13.659
-7.2404
-0.10554
3.3791
-0.15521
-7.257
-12.801
-8.215
-0.49457
2.7956
3.3584
0.32487
-6.6072
-9.349
-6.4789
-0.097265
2.8452
6.8017
2.7645
-1.9162
-9.3304
-12.972
-7.1163
-0.64562
3.3108
4.7283
-0.68494
-7.4494
-10.51
-4.449
0.9022
3.8426
7.259
-0.02691
-5.7899
-6.572
0.17174
3.9544
4.8504
9.2848
2.4273
-2.1252
-2.2121
1.7299
3.4226
3.1929
3.5219
8.9931
3.1205
-0.14279
-0.080711
2.4811
2.0279
1.2767
1.8023
-1.254
-6.572
-5.8023
3.944
1.7361
-4.7428
-13.063
-8.304
-0.67253
3.5447
0.039307
-6.8824
-12.937
-8.2916
-0.40145
2.8825
3.6874
0.65181
-6.3486
-9.4711
-6.5907
-0.033118
2.957
6.9879
3.2777
-1.3678
-9.2497
-12.71
-6.9756
-0.50077
3.3998
4.9601
-0.24418
-6.8555
-10.326
-4.4448
0.99945
3.8944
7.2363
0.45937
-5.6967
-6.7562
0.17381
4.1323
4.987
9.6014
2.4955
-1.7051
-1.9162
2.0879
3.6771
3.4019
3.7909
9.2
3.5716
0.30417
0.16967
2.808
2.3072
1.6285
1.8955
-0.85669
-5.974
-5.1877
4.0723
1.8458
-4.5566
-13.03
-8.1819
-0.7077
3.6026
0.13036
-6.8266
-12.585
-7.8322
-0.22763
3.0211
3.5074
0.5587
-6.301
-9.1566
-6.1603
0.084831
3.257
6.7934
3.1101
-1.432
-9.0407
-12.879
-6.8969
-0.32902
3.7412
4.9166
-0.43663
-7.3625
-10.46
-4.4862
1.0015
3.8944
7.3915
0.35591
-5.7133
-6.6072
0.11794
4.0744
4.8856
9.5311
2.6218
-1.6058
-2.1252
1.9741
3.644
3.4598
3.6812
9.2931
3.3005
0.22968
0.12415
2.6963
2.1996
1.4381
1.9037
-0.95602
-6.0816
-5.1463
4.0392
1.7485
-4.4159
-12.751
-7.8633
-0.50491
3.3357
-0.3104
-7.3191
-12.567
-8.273
-0.38903
2.8183
3.0605
-0.045533
-6.7583
-9.5001
-6.4168
-0.17383
2.9301
6.3258
2.6735
-1.7837
-9.6698
-13.287
-7.2508
-0.52147
3.3708
4.5193
-0.31247
-7.2446
-10.868
-4.5152
0.86909
3.8013
7.1225
-0.099335
-5.823
-6.7128
0.23589
4.0951
4.8731
9.1214
2.3445
-2.1562
-2.2038
1.9017
3.4288
3.2219
3.3564
8.7096
2.9239
-0.3911
-0.19038
2.4914
1.9368
1.0636
1.5933
-1.4237
-6.63
-5.8126
3.7433
1.3492
-4.8773
-13.459
-8.3827
-0.65804
