-2.0897,10.826,2.3603,-3.4198,0
4.0026,-3.5943,3.5573,0.26809,0
-0.78689,9.5663,-3.7867,-7.5034,0
4.1757,10.261,-3.8552,-4.3056,0
0.83292,7.5404,0.65005,-0.92544,0
4.8077,2.2327,-0.26334,1.5534,0
5.3063,5.2684,-2.8904,-0.52716,0
2.5605,9.2683,-3.5913,-1.356,0
2.1059,7.6046,-0.47755,-1.8461,0
2.1721,-0.73874,5.4672,-0.72371,0
4.2899,9.1814,-4.6067,-4.3263,0
3.5156,10.189,-4.2759,-4.978,0
2.614,8.0081,-3.7258,-1.3069,0
0.68087,2.3259,4.9085,0.54998,0
4.1962,0.74493,0.83256,0.753,0
6.0919,2.9673,-1.3267,1.4551,0
1.3234,3.2964,0.2362,-0.11984,0
1.3264,1.0326,5.6566,-0.41337,0
-0.16735,7.6274,1.2061,-3.6241,0
-1.3,10.268,-2.953,-5.8638,0
-2.2261,12.54,2.9438,-3.5258,0
2.4196,6.4665,-0.75688,0.228,0
1.0987,0.6394,5.989,-0.58277,0
4.6464,10.533,-4.5852,-4.206,0
-0.36038,4.1158,3.1143,-0.37199,0
1.3562,3.2136,4.3465,0.78662,0
0.5706,-0.0248,1.2421,-0.5621,0
-2.6479,10.137,-1.331,-5.4707,0
3.1219,-3.137,1.9259,-0.37458,0
5.4944,1.5478,0.041694,1.9284,0
-1.3389,1.552,7.0806,1.031,0
-2.3361,11.96,3.0835,-5.4435,0
2.2596,-0.033118,4.7355,-0.2776,0
0.46901,-0.63321,7.3848,0.36507,0
2.7296,2.8701,0.51124,0.5099,0
2.0466,2.03,2.1761,-0.083634,0
-1.3274,9.498,2.4408,-5.2689,0
3.8905,-2.1521,2.6302,1.1047,0
3.9994,0.90427,1.1693,1.6892,0
2.3952,9.5083,-3.1783,-3.0086,0
3.2704,6.9321,-1.0456,0.23447,0
-1.3931,1.5664,7.5382,0.78403,0
1.6406,3.5488,1.3964,-0.36424,0
2.7744,6.8576,-1.0671,0.075416,0
2.4287,9.3821,-3.2477,-1.4543,0
4.2134,-2.806,2.0116,0.67412,0
1.6472,0.48213,4.7449,1.225,0
2.0597,-0.99326,5.2119,-0.29312,0
0.3798,0.7098,0.7572,-0.4444,0
1.0135,8.4551,-1.672,-2.0815,0
4.5691,-4.4552,3.1769,0.0042961,0
0.57461,10.111,-1.6917,-4.3922,0
0.5734,9.1938,-0.9094,-1.872,0
5.2868,3.257,-1.3721,1.1668,0
4.0102,10.657,-4.1388,-5.0646,0
4.1425,-3.6792,3.8281,1.6297,0
3.0934,-2.9177,2.2232,0.22283,0
2.2034,5.9947,0.53009,0.84998,0
3.744,0.79459,0.95851,1.0077,0
3.0329,2.2948,2.1135,0.35084,0
3.7731,7.2073,-1.6814,-0.94742,0
3.1557,2.8908,0.59693,0.79825,0
1.8114,7.6067,-0.9788,-2.4668,0
4.988,7.2052,-3.2846,-1.1608,0
2.483,6.6155,-0.79287,-0.90863,0
1.594,4.7055,1.3758,0.081882,0
-0.016103,9.7484,0.15394,-1.6134,0
3.8496,9.7939,-4.1508,-4.4582,0
0.9297,-3.7971,4.6429,-0.2957,0
4.9342,2.4107,-0.17594,1.6245,0
3.8417,10.021,-4.2699,-4.9159,0
5.3915,9.9946,-3.8081,-3.3642,0
4.4072,-0.070365,2.0416,1.1319,0
2.6946,6.7976,-0.40301,0.44912,0
5.2756,0.13863,0.12138,1.1435,0
3.4312,6.2637,-1.9513,-0.36165,0
4.052,-0.16555,0.45383,0.51248,0
1.3638,-4.7759,8.4182,-1.8836,0
0.89566,7.7763,-2.7473,-1.9353,0
1.9265,7.7557,-0.16823,-3.0771,0
0.20977,-0.46146,7.7267,0.90946,0
4.068,-2.9363,2.1992,0.50084,0
2.877,-4.0599,3.6259,-0.32544,0
0.3223,-0.89808,8.0883,0.69222,0
-1.3,10.268,-2.953,-5.8638,0
1.7747,-6.4334,8.15,-0.89828,0
1.3419,-4.4221,8.09,-1.7349,0
0.89606,10.547,-1.4175,-4.0327,0
0.44125,2.9487,4.3225,0.7155,0
3.2422,6.2265,0.12224,-1.4466,0
2.5678,3.5136,0.61406,-0.40691,0
-2.2153,11.963,0.078538,-7.7853,0
4.1349,6.1189,-2.4294,-0.19613,0
1.934,-9.2828e-06,4.816,-0.33967,0
2.5068,1.1588,3.9249,0.12585,0
2.1464,6.0795,-0.5778,-2.2302,0
0.051979,7.0521,-2.0541,-3.1508,0
1.2706,8.035,-0.19651,-2.1888,0
1.143,0.83391,5.4552,-0.56984,0
2.2928,9.0386,-3.2417,-1.2991,0
0.3292,-4.4552,4.5718,-0.9888,0
2.9719,6.8369,-0.2702,0.71291,0
1.6849,8.7489,-1.2641,-1.3858,0
-1.9177,11.689,2.5454,-3.2763,0
2.3729,10.473,-3.0087,-3.2013,0
1.0284,9.767,-1.3687,-1.7853,0
0.27451,9.2186,-3.2863,-4.8448,0
1.6032,-4.7863,8.5193,-2.1203,0
4.616,10.179,-4.2185,-4.4245,0
4.2478,7.6956,-2.7696,-1.0767,0
4.0215,-2.7004,2.4957,0.36636,0
5.0297,-4.9704,3.5025,-0.23751,0
1.5902,2.2948,3.2403,0.18404,0
2.1274,5.1939,-1.7971,-1.1763,0
1.1811,8.3847,-2.0567,-0.90345,0
0.3292,-4.4552,4.5718,-0.9888,0
5.7353,5.2808,-2.2598,0.075416,0
2.6718,5.6574,0.72974,-1.4892,0
1.5799,-4.7076,7.9186,-1.5487,0
2.9499,2.2493,1.3458,-0.037083,0
0.5195,-3.2633,3.0895,-0.9849,0
3.7352,9.5911,-3.9032,-3.3487,0
-1.7344,2.0175,7.7618,0.93532,0
3.884,10.028,-3.9298,-4.0819,0
3.5257,1.2829,1.9276,1.7991,0
4.4549,2.4976,1.0313,0.96894,0
-0.16108,-6.4624,8.3573,-1.5216,0
4.2164,9.4607,-4.9288,-5.2366,0
3.5152,6.8224,-0.67377,-0.46898,0
1.6988,2.9094,2.9044,0.11033,0
1.0607,2.4542,2.5188,-0.17027,0
2.0421,1.2436,4.2171,0.90429,0
3.5594,1.3078,1.291,1.6556,0
3.0009,5.8126,-2.2306,-0.66553,0
3.9294,1.4112,1.8076,0.89782,0
3.4667,-4.0724,4.2882,1.5418,0
3.966,3.9213,0.70574,0.33662,0
1.0191,2.33,4.9334,0.82929,0
0.96414,5.616,2.2138,-0.12501,0
1.8205,6.7562,0.0099913,0.39481,0
4.9923,7.8653,-2.3515,-0.71984,0
-1.1804,11.509,0.15565,-6.8194,0
4.0329,0.23175,0.89082,1.1823,0
0.66018,10.388,-1.4029,-3.9151,0
3.5982,7.1307,-1.3035,0.21248,0
-1.8584,7.886,-1.6643,-1.8384,0
4.0972,0.46972,1.6671,0.91593,0
3.3299,0.91254,1.5806,0.39352,0
3.1088,3.1122,0.80857,0.4336,0
-4.2859,8.5234,3.1392,-0.91639,0
-1.2528,10.204,2.1787,-5.6038,0
0.5195,-3.2633,3.0895,-0.9849,0
0.3292,-4.4552,4.5718,-0.9888,0
0.88872,5.3449,2.045,-0.19355,0
3.5458,9.3718,-4.0351,-3.9564,0
-0.21661,8.0329,1.8848,-3.8853,0
2.7206,9.0821,-3.3111,-0.96811,0
3.2051,8.6889,-2.9033,-0.7819,0
2.6917,10.816,-3.3,-4.2888,0
-2.3242,11.518,1.8231,-5.375,0
2.7161,-4.2006,4.1914,0.16981,0
3.3848,3.2674,0.90967,0.25128,0
1.7452,4.8028,2.0878,0.62627,0
2.805,0.57732,1.3424,1.2133,0
5.7823,5.5788,-2.4089,-0.056479,0
3.8999,1.734,1.6011,0.96765,0
3.5189,6.332,-1.7791,-0.020273,0
3.2294,7.7391,-0.37816,-2.5405,0
3.4985,3.1639,0.22677,-0.1651,0
2.1948,1.3781,1.1582,0.85774,0
2.2526,9.9636,-3.1749,-2.9944,0
4.1529,-3.9358,2.8633,-0.017686,0
0.74307,11.17,-1.3824,-4.0728,0
1.9105,8.871,-2.3386,-0.75604,0
-1.5055,0.070346,6.8681,-0.50648,0
0.58836,10.773,-1.3884,-4.3276,0
3.2303,7.8384,-3.5348,-1.2151,0
-1.9922,11.654,2.6542,-5.2107,0
2.8523,9.0096,-3.761,-3.3371,0
4.2772,2.4955,0.48554,0.36119,0
1.5099,0.039307,6.2332,-0.30346,0
5.4188,10.146,-4.084,-3.6991,0
0.86202,2.6963,4.2908,0.54739,0
3.8117,10.146,-4.0463,-4.5629,0
0.54777,10.375,-1.5435,-4.1633,0
2.3718,7.4908,0.015989,-1.7414,0
-2.4953,11.147,1.9353,-3.4638,0
4.6361,-2.6611,2.8358,1.1991,0
-2.2527,11.532,2.5899,-3.2737,0
3.7982,10.423,-4.1602,-4.9728,0
-0.36279,8.2895,-1.9213,-3.3332,0
2.1265,6.8783,0.44784,-2.2224,0
0.86736,5.5643,1.6765,-0.16769,0
3.7831,10.053,-3.8869,-3.7366,0
-2.2623,12.118,0.28846,-7.7581,0
1.2616,4.4303,-1.3335,-1.7517,0
2.6799,3.1349,0.34073,0.58489,0
-0.39816,5.9781,1.3912,-1.1621,0
4.3937,0.35798,2.0416,1.2004,0
2.9695,5.6222,0.27561,-1.1556,0
1.3049,-0.15521,6.4911,-0.75346,0
2.2123,-5.8395,7.7687,-0.85302,0
1.9647,6.9383,0.57722,0.66377,0
3.0864,-2.5845,2.2309,0.30947,0
0.3798,0.7098,0.7572,-0.4444,0
0.58982,7.4266,1.2353,-2.9595,0
0.14783,7.946,1.0742,-3.3409,0
-0.062025,6.1975,1.099,-1.131,0
4.223,1.1319,0.72202,0.96118,0
0.64295,7.1018,0.3493,-0.41337,0
1.941,0.46351,4.6472,1.0879,0
4.0047,0.45937,1.3621,1.6181,0
3.7767,9.7794,-3.9075,-3.5323,0
3.4769,-0.15314,2.53,2.4495,0
1.9818,9.2621,-3.521,-1.872,0
3.8023,-3.8696,4.044,0.95343,0
4.3483,11.108,-4.0857,-4.2539,0
1.1518,1.3864,5.2727,-0.43536,0
-1.2576,1.5892,7.0078,0.42455,0
1.9572,-5.1153,8.6127,-1.4297,0
-2.484,12.161,2.8204,-3.7418,0
-1.1497,1.2954,7.701,0.62627,0
4.8368,10.013,-4.3239,-4.3276,0
-0.12196,8.8068,0.94566,-4.2267,0
1.9429,6.3961,0.092248,0.58102,0
1.742,-4.809,8.2142,-2.0659,0
-1.5222,10.841,2.7827,-4.0974,0
-1.3,10.268,-2.953,-5.8638,0
3.4246,-0.14693,0.80342,0.29136,0
2.5503,-4.9518,6.3729,-0.41596,0
1.5691,6.3465,-0.1828,-2.4099,0
1.3087,4.9228,2.0013,0.22024,0
5.1776,8.2316,-3.2511,-1.5694,0
2.229,9.6325,-3.1123,-2.7164,0
5.6272,10.086,-4.2931,-3.8142,0
1.2138,8.7986,-2.1672,-0.74182,0
0.3798,0.7098,0.7572,-0.4444,0
0.5415,6.0319,1.6825,-0.46122,0
4.0524,5.6802,-1.9693,0.026279,0
4.7285,2.1065,-0.28305,1.5625,0
3.4359,0.66216,2.1041,1.8922,0
0.86816,10.243,-1.4912,-4.0082,0
3.359,9.8022,-3.8209,-3.7133,0
3.6702,2.9942,0.85141,0.30688,0
1.3349,6.1189,0.46497,0.49826,0
3.1887,-3.4143,2.7742,-0.2026,0
2.4527,2.9653,0.20021,-0.056479,0
3.9121,2.9735,0.92852,0.60558,0
3.9364,10.588,-3.725,-4.3133,0
3.9414,-3.2902,3.1674,1.0866,0
3.6922,-3.9585,4.3439,1.3517,0
5.681,7.795,-2.6848,-0.92544,0
0.77124,9.0862,-1.2281,-1.4996,0
3.5761,9.7753,-3.9795,-3.4638,0
1.602,6.1251,0.52924,0.47886,0
2.6682,10.216,-3.4414,-4.0069,0
2.0007,1.8644,2.6491,0.47369,0
0.64215,3.1287,4.2933,0.64696,0
4.3848,-3.0729,3.0423,1.2741,0
0.77445,9.0552,-2.4089,-1.3884,0
0.96574,8.393,-1.361,-1.4659,0
3.0948,8.7324,-2.9007,-0.96682,0
4.9362,7.6046,-2.3429,-0.85302,0
-1.9458,11.222,1.9079,-3.4405,0
5.7403,-0.44284,0.38015,1.3763,0
-2.6989,12.198,0.67661,-8.5482,0
1.1472,3.5985,1.9387,-0.43406,0
2.9742,8.96,-2.9024,-1.0379,0
4.5707,7.2094,-3.2794,-1.4944,0
0.1848,6.5079,2.0133,-0.87242,0
0.87256,9.2931,-0.7843,-2.1978,0
0.39559,6.8866,1.0588,-0.67587,0
3.8384,6.1851,-2.0439,-0.033204,0
2.8209,7.3108,-0.81857,-1.8784,0
2.5817,9.7546,-3.1749,-2.9957,0
3.8213,0.23175,2.0133,2.0564,0
0.3798,0.7098,0.7572,-0.4444,0
3.4893,6.69,-1.2042,-0.38751,0
-1.7781,0.8546,7.1303,0.027572,0
2.0962,2.4769,1.9379,-0.040962,0
0.94732,-0.57113,7.1903,-0.67587,0
2.8261,9.4007,-3.3034,-1.0509,0
0.0071249,8.3661,0.50781,-3.8155,0
0.96788,7.1907,1.2798,-2.4565,0
4.7432,2.1086,0.1368,1.6543,0
3.6575,7.2797,-2.2692,-1.144,0
3.8832,6.4023,-2.432,-0.98363,0
3.4776,8.811,-3.1886,-0.92285,0
1.1315,7.9212,1.093,-2.8444,0
2.8237,2.8597,0.19678,0.57196,0
1.9321,6.0423,0.26019,-2.053,0
3.0632,-3.3315,5.1305,0.8267,0
-1.8411,10.831,2.769,-3.0901,0
2.8084,11.305,-3.3394,-4.4194,0
2.5698,-4.4076,5.9856,0.078002,0
-0.12624,10.322,-3.7121,-6.1185,0
3.3756,-4.0951,4.367,1.0698,0
-0.048008,-1.6037,8.4756,0.75558,0
0.5706,-0.0248,1.2421,-0.5621,0
0.88444,6.5906,0.55837,-0.44182,0
3.8644,3.7061,0.70403,0.35214,0
1.2999,2.5762,2.0107,-0.18967,0
2.0051,-6.8638,8.132,-0.2401,0
4.9294,0.27727,0.20792,0.33662,0
2.8297,6.3485,-0.73546,-0.58665,0
2.565,8.633,-2.9941,-1.3082,0
2.093,8.3061,0.022844,-3.2724,0
4.6014,5.6264,-2.1235,0.19309,0
5.0617,-0.35799,0.44698,0.99868,0
-0.2951,9.0489,-0.52725,-2.0789,0
3.577,2.4004,1.8908,0.73231,0
3.9433,2.5017,1.5215,0.903,0
2.6648,10.754,-3.3994,-4.1685,0
5.9374,6.1664,-2.5905,-0.36553,0
2.0153,1.8479,3.1375,0.42843,0
5.8782,5.9409,-2.8544,-0.60863,0
-2.3983,12.606,2.9464,-5.7888,0
1.762,4.3682,2.1384,0.75429,0
4.2406,-2.4852,1.608,0.7155,0
3.4669,6.87,-1.0568,-0.73147,0
3.1896,5.7526,-0.18537,-0.30087,0
0.81356,9.1566,-2.1492,-4.1814,0
0.52855,0.96427,4.0243,-1.0483,0
2.1319,-2.0403,2.5574,-0.061652,0
0.33111,4.5731,2.057,-0.18967,0
1.2746,8.8172,-1.5323,-1.7957,0
2.2091,7.4556,-1.3284,-3.3021,0
2.5328,7.528,-0.41929,-2.6478,0
3.6244,1.4609,1.3501,1.9284,0
-1.3885,12.503,0.69118,-7.5487,0
5.7227,5.8312,-2.4097,-0.24527,0
3.3583,10.357,-3.7301,-3.6991,0
2.5227,2.2369,2.7236,0.79438,0
0.045304,6.7334,1.0708,-0.9332,0
4.8278,7.7598,-2.4491,-1.2216,0
1.9476,-4.7738,8.527,-1.8668,0
2.7659,0.66216,4.1494,-0.28406,0
-0.10648,-0.76771,7.7575,0.64179,0
0.72252,-0.053811,5.6703,-1.3509,0
4.2475,1.4816,-0.48355,0.95343,0
3.9772,0.33521,2.2566,2.1625,0
3.6667,4.302,0.55923,0.33791,0
2.8232,10.851,-3.1466,-3.9784,0
-1.4217,11.654,-0.057699,-7.1025,0
4.2458,1.1981,0.66633,0.94696,0
4.1038,-4.8069,3.3491,-0.49225,0
1.4507,8.7903,-2.2324,-0.65259,0
3.4647,-3.9172,3.9746,0.36119,0
1.8533,6.1458,1.0176,-2.0401,0
3.5288,0.71596,1.9507,1.9375,0
3.9719,1.0367,0.75973,1.0013,0
3.534,9.3614,-3.6316,-1.2461,0
3.6894,9.887,-4.0788,-4.3664,0
3.0672,-4.4117,3.8238,-0.81682,0
2.6463,-4.8152,6.3549,0.003003,0
2.2893,3.733,0.6312,-0.39786,0
1.5673,7.9274,-0.056842,-2.1694,0
4.0405,0.51524,1.0279,1.106,0
4.3846,-4.8794,3.3662,-0.029324,0
2.0165,-0.25246,5.1707,1.0763,0
4.0446,11.174,-4.3582,-4.7401,0
-0.33729,-0.64976,7.6659,0.72326,0
-2.4604,12.73,0.91738,-7.6418,0
4.1195,10.926,-3.8929,-4.1802,0
2.0193,0.82356,4.6369,1.4202,0
1.5701,7.9129,0.29018,-2.1953,0
2.6415,7.586,-0.28562,-1.6677,0
5.0214,8.0764,-3.0515,-1.7155,0
4.3435,3.3295,0.83598,0.64955,0
1.8238,-6.7748,8.3873,-0.54139,0
3.9382,0.9291,0.78543,0.6767,0
2.2517,-5.1422,4.2916,-1.2487,0
5.504,10.367,-4.413,-4.0211,0
2.8521,9.171,-3.6461,-1.2047,0
1.1676,9.1566,-2.0867,-0.80647,0
2.6104,8.0081,-0.23592,-1.7608,0
0.32444,10.067,-1.1982,-4.1284,0
3.8962,-4.7904,3.3954,-0.53751,0
2.1752,-0.8091,5.1022,-0.67975,0
1.1588,8.9331,-2.0807,-1.1272,0
4.7072,8.2957,-2.5605,-1.4905,0
-1.9667,11.805,-0.40472,-7.8719,0
4.0552,0.40143,1.4563,0.65343,0
2.3678,-6.839,8.4207,-0.44829,0
0.33565,6.8369,0.69718,-0.55691,0
4.3398,-5.3036,3.8803,-0.70432,0
1.5456,8.5482,0.4187,-2.1784,0
1.4276,8.3847,-2.0995,-1.9677,0
-0.27802,8.1881,-3.1338,-2.5276,0
0.93611,8.6413,-1.6351,-1.3043,0
4.6352,-3.0087,2.6773,1.212,0
1.5268,-5.5871,8.6564,-1.722,0
0.95626,2.4728,4.4578,0.21636,0
-2.7914,1.7734,6.7756,-0.39915,0
5.2032,3.5116,-1.2538,1.0129,0
3.1836,7.2321,-1.0713,-2.5909,0
0.65497,5.1815,1.0673,-0.42113,0
5.6084,10.301,-4.8003,-4.3534,0
1.105,7.4432,0.41099,-3.0332,0
3.9292,-2.9156,2.2129,0.30817,0
1.1558,6.4003,1.5506,0.6961,0
2.5581,2.6218,1.8513,0.40257,0
2.7831,10.98,-3.557,-4.4039,0
3.7635,2.7811,0.66119,0.34179,0
-2.6479,10.137,-1.331,-5.4707,0
1.0652,8.3682,-1.4004,-1.6509,0
-1.4275,11.88,0.41613,-6.9978,0
5.7456,10.181,-4.7857,-4.3366,0
5.086,3.2798,-1.2701,1.1189,0
3.4092,5.4049,-2.5228,-0.89958,0
-0.2361,9.3221,2.1307,-4.3793,0
3.8197,8.9951,-4.383,-4.0327,0
-1.1391,1.8127,6.9144,0.70127,0
4.9249,0.68906,0.77344,1.2095,0
2.5089,6.841,-0.029423,0.44912,0
-0.2062,9.2207,-3.7044,-6.8103,0
3.946,6.8514,-1.5443,-0.5582,0
-0.278,8.1881,-3.1338,-2.5276,0
1.8592,3.2074,-0.15966,-0.26208,0
0.56953,7.6294,1.5754,-3.2233,0
3.4626,-4.449,3.5427,0.15429,0
3.3951,1.1484,2.1401,2.0862,0
5.0429,-0.52974,0.50439,1.106,0
3.7758,7.1783,-1.5195,0.40128,0
4.6562,7.6398,-2.4243,-1.2384,0
4.0948,-2.9674,2.3689,0.75429,0
1.8384,6.063,0.54723,0.51248,0
2.0153,0.43661,4.5864,-0.3151,0
3.5251,0.7201,1.6928,0.64438,0
3.757,-5.4236,3.8255,-1.2526,0
2.5989,3.5178,0.7623,0.81119,0
1.8994,0.97462,4.2265,0.81377,0
3.6941,-3.9482,4.2625,1.1577,0
4.4295,-2.3507,1.7048,0.90946,0
6.8248,5.2187,-2.5425,0.5461,0
1.8967,-2.5163,2.8093,-0.79742,0
2.1526,-6.1665,8.0831,-0.34355,0
3.3004,7.0811,-1.3258,0.22283,0
2.7213,7.05,-0.58808,0.41809,0
3.8846,-3.0336,2.5334,0.20214,0
4.1665,-0.4449,0.23448,0.27843,0
0.94225,5.8561,1.8762,-0.32544,0
5.1321,-0.031048,0.32616,1.1151,0
0.38251,6.8121,1.8128,-0.61251,0
3.0333,-2.5928,2.3183,0.303,0
2.9233,6.0464,-0.11168,-0.58665,0
1.162,10.293,-1.2821,-4.0392,0
3.7791,2.5762,1.3098,0.5655,0
0.77765,5.9781,1.1941,-0.3526,0
-0.38388,-1.0471,8.0514,0.49567,0
0.21084,9.4359,-0.094543,-1.859,0
2.9571,-4.5938,5.9068,0.57196,0
4.6439,-3.3729,2.5976,0.55257,0
3.3577,-4.3062,6.0241,0.18274,0
3.5127,2.9073,1.0579,0.40774,0
2.6562,10.704,-3.3085,-4.0767,0
-1.3612,10.694,1.7022,-2.9026,0
-0.278,8.1881,-3.1338,-2.5276,0
1.04,-6.9321,8.2888,-1.2991,0
2.1881,2.7356,1.3278,-0.1832,0
4.2756,-2.6528,2.1375,0.94437,0
-0.11996,6.8741,0.91995,-0.6694,0
2.9736,8.7944,-3.6359,-1.3754,0
3.7798,-3.3109,2.6491,0.066365,0
5.3586,3.7557,-1.7345,1.0789,0
1.8373,6.1292,0.84027,0.55257,0
1.2262,0.89599,5.7568,-0.11596,0
-0.048008,-0.56078,7.7215,0.453,0
0.5706,-0.024841,1.2421,-0.56208,0
4.3634,0.46351,1.4281,2.0202,0
3.482,-4.1634,3.5008,-0.078462,0
0.51947,-3.2633,3.0895,-0.98492,0
2.3164,-2.628,3.1529,-0.08622,0
-1.8348,11.033,3.1863,-4.8888,0
1.3754,8.8793,-1.9136,-0.53751,0
-0.16682,5.8974,0.49839,-0.70044,0
0.29961,7.1328,-0.31475,-1.1828,0
0.25035,9.3262,-3.6873,-6.2543,0
2.4673,1.3926,1.7125,0.41421,0
0.77805,6.6424,-1.1425,-1.0573,0
3.4465,2.9508,1.0271,0.5461,0
2.2429,-4.1427,5.2333,-0.40173,0
3.7321,-3.884,3.3577,-0.0060486,0
4.3365,-3.584,3.6884,0.74912,0
-2.0759,10.822,2.6439,-4.837,0
4.0715,7.6398,-2.0824,-1.1698,0
0.76163,5.8209,1.1959,-0.64613,0
-0.53966,7.3273,0.46583,-1.4543,0
2.6213,5.7919,0.065686,-1.5759,0
3.0242,-3.3378,2.5865,-0.54785,0
5.8519,5.3905,-2.4037,-0.061652,0
0.5706,-0.0248,1.2421,-0.5621,0
3.9771,11.151,-3.9272,-4.3444,0
1.5478,9.1814,-1.6326,-1.7375,0
0.74054,0.36625,2.1992,0.48403,0
0.49571,10.224,-1.097,-4.0159,0
1.645,7.8612,-0.87598,-3.5569,0
3.6077,6.8576,-1.1622,0.28231,0
3.2403,-3.7082,5.2804,0.41291,0
3.9166,10.249,-4.0926,-4.4659,0
3.9262,6.0299,-2.0156,-0.065531,0
5.591,10.464,-4.3839,-4.3379,0
3.7522,-3.6978,3.9943,1.3051,0
1.3114,4.5462,2.2935,0.22541,0
3.7022,6.9942,-1.8511,-0.12889,0
4.364,-3.1039,2.3757,0.78532,0
3.5829,1.4423,1.0219,1.4008,0
4.65,-4.8297,3.4553,-0.25174,0
5.1731,3.9606,-1.983,0.40774,0
3.2692,3.4184,0.20706,-0.066824,0
2.4012,1.6223,3.0312,0.71679,0
1.7257,-4.4697,8.2219,-1.8073,0
4.7965,6.9859,-1.9967,-0.35001,0
4.0962,10.189,-3.9323,-4.1827,0
2.5559,3.3605,2.0321,0.26809,0
3.4916,8.5709,-3.0326,-0.59182,0
0.5195,-3.2633,3.0895,-0.9849,0
2.9856,7.2673,-0.409,-2.2431,0
4.0932,5.4132,-1.8219,0.23576,0
1.7748,-0.76978,5.5854,1.3039,0
5.2012,0.32694,0.17965,1.1797,0
-0.45062,-1.3678,7.0858,-0.40303,0
4.8451,8.1116,-2.9512,-1.4724,0
0.74841,7.2756,1.1504,-0.5388,0
5.1213,8.5565,-3.3917,-1.5474,0
3.6181,-3.7454,2.8273,-0.71208,0
0.040498,8.5234,1.4461,-3.9306,0
-2.6479,10.137,-1.331,-5.4707,0
0.37984,0.70975,0.75716,-0.44441,0
-0.95923,0.091039,6.2204,-1.4828,0
2.8672,10.001,-3.2049,-3.1095,0
1.0182,9.109,-0.62064,-1.7129,0
-2.7143,11.454,2.1092,-3.9629,0
3.8244,-3.1081,2.4537,0.52024,0
2.7961,2.121,1.8385,0.38317,0
3.5358,6.7086,-0.81857,0.47886,0
-0.7056,8.7241,2.2215,-4.5965,0
4.1542,7.2756,-2.4766,-1.2099,0
0.92703,9.4318,-0.66263,-1.6728,0
1.8216,-6.4748,8.0514,-0.41855,0
-2.4473,12.625,0.73573,-7.6612,0
3.5862,-3.0957,2.8093,0.24481,0
0.66191,9.6594,-0.28819,-1.6638,0
4.7926,1.7071,-0.051701,1.4926,0
4.9852,8.3516,-2.5425,-1.2823,0
0.75736,3.0294,2.9164,-0.068117,0
4.6499,7.6336,-1.9427,-0.37458,0
-0.023579,7.1742,0.78457,-0.75734,0
0.85574,0.0082678,6.6042,-0.53104,0
0.88298,0.66009,6.0096,-0.43277,0
4.0422,-4.391,4.7466,1.137,0
2.2546,8.0992,-0.24877,-3.2698,0
0.38478,6.5989,-0.3336,-0.56466,0
3.1541,-5.1711,6.5991,0.57455,0
2.3969,0.23589,4.8477,1.437,0
4.7114,2.0755,-0.2702,1.2379,0
4.0127,10.148,-3.9366,-4.0728,0
2.6606,3.1681,1.9619,0.18662,0
3.931,1.8541,-0.023425,1.2314,0
0.01727,8.693,1.3989,-3.9668,0
3.2414,0.40971,1.4015,1.1952,0
2.2504,3.5757,0.35273,0.2836,0
