3.6216
4.5459
3.866
3.4566
0.32924
4.3684
3.5912
2.0922
3.2032
1.5356
1.2247
3.9899
1.8993
-1.5768
3.404
4.6765
2.6719
0.80355
1.4479
5.2423
5.7867
0.3292
3.9362
0.93584
4.4338
0.7057
1.1432
-0.38214
6.5633
4.8906
-0.24811
1.4884
4.2969
-0.96511
-1.6162
2.4391
2.6881
3.6289
4.5679
3.4805
4.1711
-0.2062
-0.0068919
0.96441
2.8561
-0.7869
2.0843
-0.7869
3.9102
1.6349
4.3239
5.262
3.1452
2.549
4.9264
4.8265
2.5635
5.807
3.1377
-0.78289
2.888
0.49665
4.2586
1.7939
5.4021
2.5367
4.6054
2.4235
1.0009
0.12326
3.9529
4.1373
4.7181
4.1654
4.4069
2.3066
3.7935
0.049175
0.24835
1.1317
2.8033
4.4682
5.0185
1.8664
3.245
4.0296
-1.1313
0.87603
4.1197
3.8027
1.4806
4.0632
4.3064
2.4486
3.2718
-0.64472
2.9543
2.1616
3.82
-2.7419
3.3669
4.5597
5.1129
3.3397
4.2027
3.5438
2.3136
-1.8584
3.106
2.9163
3.9922
1.518
3.2351
4.2188
1.7819
2.5331
3.8969
2.108
2.8969
0.9297
3.4642
4.0713
-1.4572
-1.5075
-0.91718
2.994
-2.343
3.7818
4.6689
3.4663
3.2697
5.1302
2.0139
0.4339
-1.0401
4.1605
5.438
5.032
5.2418
-0.2062
2.0911
1.7317
4.1736
3.9232
3.8481
0.5195
3.8584
1.7496
3.6277
2.7391
4.5447
-1.7599
5.0691
3.4591
1.9358
2.486
2.4226
3.9479
2.2634
1.3566
5.0452
3.5499
0.17346
2.4008
4.8851
4.1927
1.1166
1.0235
-1.803
0.11739
0.5706
4.0552
-1.6952
-1.1193
1.8799
3.583
0.19081
3.6582
-0.13144
2.3925
1.6426
-0.11783
-0.69572
2.9421
-1.7559
-1.2537
3.2585
1.8314
4.5645
2.7365
0.9297
3.9663
1.4578
4.8272
-2.341
-1.8584
4.1454
1.9157
4.0215
5.8862
-2.0897
4.0026
-0.78689
4.1757
0.83292
4.8077
5.3063
2.5605
2.1059
2.1721
4.2899
3.5156
2.614
0.68087
4.1962
6.0919
1.3234
1.3264
-0.16735
-1.3
-2.2261
2.4196
1.0987
4.6464
-0.36038
1.3562
0.5706
-2.6479
3.1219
5.4944
-1.3389
-2.3361
2.2596
0.46901
2.7296
2.0466
-1.3274
3.8905
3.9994
2.3952
3.2704
-1.3931
1.6406
2.7744
2.4287
4.2134
1.6472
2.0597
0.3798
1.0135
4.5691
0.57461
0.5734
5.2868
4.0102
4.1425
3.0934
2.2034
3.744
3.0329
3.7731
3.1557
1.8114
4.988
2.483
1.594
-0.016103
3.8496
0.9297
4.9342
3.8417
5.3915
4.4072
2.6946
5.2756
3.4312
4.052
1.3638
0.89566
1.9265
0.20977
4.068
2.877
0.3223
-1.3
1.7747
1.3419
0.89606
0.44125
3.2422
2.5678
-2.2153
4.1349
1.934
2.5068
2.1464
0.051979
1.2706
1.143
2.2928
0.3292
2.9719
1.6849
-1.9177
2.3729
1.0284
0.27451
1.6032
4.616
4.2478
4.0215
5.0297
1.5902
2.1274
1.1811
0.3292
5.7353
2.6718
1.5799
2.9499
0.5195
3.7352
-1.7344
3.884
3.5257
4.4549
-0.16108
4.2164
3.5152
1.6988
1.0607
2.0421
3.5594
3.0009
3.9294
3.4667
3.966
1.0191
0.96414
1.8205
4.9923
-1.1804
4.0329
0.66018
3.5982
-1.8584
4.0972
3.3299
3.1088
-4.2859
-1.2528
0.5195
0.3292
0.88872
3.5458
-0.21661
2.7206
3.2051
2.6917
-2.3242
2.7161
3.3848
1.7452
2.805
5.7823
3.8999
3.5189
3.2294
3.4985
2.1948
2.2526
4.1529
0.74307
1.9105
-1.5055
0.58836
3.2303
-1.9922
2.8523
4.2772
1.5099
5.4188
0.86202
3.8117
0.54777
2.3718
-2.4953
4.6361
-2.2527
3.7982
-0.36279
2.1265
0.86736
3.7831
-2.2623
1.2616
2.6799
-0.39816
4.3937
2.9695
1.3049
2.2123
1.9647
3.0864
0.3798
0.58982
0.14783
-0.062025
4.223
0.64295
1.941
4.0047
3.7767
3.4769
1.9818
3.8023
4.3483
1.1518
-1.2576
1.9572
-2.484
-1.1497
4.8368
-0.12196
1.9429
1.742
-1.5222
-1.3
3.4246
2.5503
1.5691
1.3087
5.1776
2.229
5.6272
1.2138
0.3798
0.5415
4.0524
4.7285
3.4359
0.86816
3.359
3.6702
1.3349
3.1887
2.4527
3.9121
3.9364
3.9414
3.6922
5.681
0.77124
3.5761
1.602
2.6682
2.0007
0.64215
4.3848
0.77445
0.96574
3.0948
4.9362
-1.9458
5.7403
-2.6989
1.1472
2.9742
4.5707
0.1848
0.87256
0.39559
3.8384
2.8209
2.5817
3.8213
0.3798
3.4893
-1.7781
2.0962
0.94732
2.8261
0.0071249
0.96788
4.7432
3.6575
3.8832
3.4776
1.1315
2.8237
1.9321
3.0632
-1.8411
2.8084
2.5698
-0.12624
3.3756
-0.048008
0.5706
0.88444
3.8644
1.2999
2.0051
4.9294
2.8297
2.565
2.093
4.6014
5.0617
-0.2951
3.577
3.9433
2.6648
5.9374
2.0153
5.8782
-2.3983
1.762
4.2406
3.4669
3.1896
0.81356
0.52855
2.1319
0.33111
1.2746
2.2091
2.5328
3.6244
-1.3885
5.7227
3.3583
2.5227
0.045304
4.8278
1.9476
2.7659
-0.10648
0.72252
4.2475
3.9772
3.6667
2.8232
-1.4217
4.2458
4.1038
1.4507
3.4647
1.8533
3.5288
3.9719
3.534
3.6894
3.0672
2.6463
2.2893
1.5673
4.0405
4.3846
2.0165
4.0446
-0.33729
-2.4604
4.1195
2.0193
1.5701
2.6415
5.0214
4.3435
1.8238
3.9382
2.2517
5.504
2.8521
1.1676
2.6104
0.32444
3.8962
2.1752
1.1588
4.7072
-1.9667
4.0552
2.3678
0.33565
4.3398
1.5456
1.4276
-0.27802
0.93611
4.6352
1.5268
0.95626
-2.7914
5.2032
3.1836
0.65497
5.6084
1.105
3.9292
1.1558
2.5581
2.7831
3.7635
-2.6479
1.0652
-1.4275
5.7456
5.086
3.4092
-0.2361
3.8197
-1.1391
4.9249
2.5089
-0.2062
3.946
-0.278
1.8592
0.56953
3.4626
3.3951
5.0429
3.7758
4.6562
4.0948
1.8384
2.0153
3.5251
3.757
2.5989
1.8994
3.6941
4.4295
6.8248
1.8967
2.1526
3.3004
2.7213
3.8846
4.1665
0.94225
5.1321
0.38251
3.0333
2.9233
1.162
3.7791
0.77765
-0.38388
0.21084
2.9571
4.6439
3.3577
3.5127
2.6562
-1.3612
-0.278
1.04
2.1881
4.2756
-0.11996
2.9736
3.7798
5.3586
1.8373
1.2262
-0.048008
0.5706
4.3634
3.482
0.51947
2.3164
-1.8348
1.3754
-0.16682
0.29961
0.25035
2.4673
0.77805
3.4465
2.2429
3.7321
4.3365
-2.0759
4.0715
0.76163
-0.53966
2.6213
3.0242
5.8519
0.5706
3.9771
1.5478
0.74054
0.49571
1.645
3.6077
3.2403
3.9166
3.9262
5.591
3.7522
1.3114
3.7022
4.364
3.5829
4.65
5.1731
3.2692
2.4012
1.7257
4.7965
4.0962
2.5559
3.4916
0.5195
2.9856
4.0932
1.7748
5.2012
-0.45062
4.8451
0.74841
5.1213
3.6181
0.040498
-2.6479
0.37984
-0.95923
2.8672
1.0182
-2.7143
3.8244
2.7961
3.5358
-0.7056
4.1542
0.92703
1.8216
-2.4473
3.5862
0.66191
4.7926
4.9852
0.75736
4.6499
-0.023579
0.85574
0.88298
4.0422
2.2546
0.38478
3.1541
2.3969
4.7114
4.0127
2.6606
3.931
0.01727
3.2414
2.2504
