-1.3971
0.39012
-1.6677
-3.8483
-3.5681
-2.2804
-1.7582
-0.89409
0.3434
-0.9854
-2.4115
-1.5252
-0.61442
-0.36506
-5.9034
-1.8215
-0.77461
-1.8187
-3.5801
-1.8219
-0.3481
0.47368
-3.4083
-1.6662
-2.0962
-2.6685
-0.47465
1.0552
1.1644
-4.4779
-2.7338
-2.286
-1.6244
0.50813
1.6408
0.81583
-5.4901
-3.2238
-2.0631
-0.91318
0.6005
0.91315
-0.28015
-3.6085
-6.2003
-4.2932
-3.0265
-1.7015
-0.64326
-0.86339
-2.0659
-2.1333
-1.2568
-3.1128
-4.8554
-2.588
0.24394
-1.5322
-4.0025
-4.0173
-3.0731
-1.979
-0.4294
-2.234
-4.211
-3.8073
-2.5912
-2.2482
-1.4427
-0.39416
-1.522
-2.8267
-1.7263
-0.94255
-0.89569
-6.2815
-2.3211
-1.3414
-2.258
-3.8858
-1.8969
-0.52645
0.0096613
-3.8826
-2.1405
-2.4824
-2.9098
-0.60975
0.83625
0.60731
-4.8861
-3.1366
-2.5754
-1.8782
0.24261
1.296
0.25943
-5.873
-3.4605
-2.3797
-1.2424
0.20216
0.59823
-0.77995
-4.1409
-6.5084
-4.4996
-3.3125
-1.9423
-0.75793
-0.95403
-2.2173
-2.799
-1.8629
-3.5916
-5.1216
-3.2854
-0.56877
-2.3518
-4.4861
-4.3876
-3.3604
-1.0112
0.030219
-1.6514
-3.2692
-2.5701
-1.3066
-1.6637
-0.55008
0.21431
-0.77288
-1.8391
-0.63298
0.0040545
-0.28696
-5.2406
-1.4446
-0.65767
-1.5449
-2.8957
-0.81479
0.50225
0.74521
-2.9146
-1.3907
-1.786
-1.7322
0.55298
2.031
1.2279
-4.2249
-2.5346
-1.749
-0.539
1.5631
2.3917
0.89512
-5.4808
-2.8833
-1.4174
0.4283
1.5904
1.7425
-0.23356
-3.6227
-6.1536
-3.9172
-2.2214
-0.49241
0.26517
-0.10234
-1.6176
-1.8448
-1.2786
-2.902
-4.3773
-2.0529
0.18868
-1.7279
-3.3793
-3.1273
-2.121
-1.7697
-0.0012852
-1.682
-3.4917
-3.1158
-2.0891
-1.6936
-1.2846
-0.092194
-1.0292
-2.2083
-1.0744
-0.51003
-0.36372
-6.3979
-2.2501
-1.1859
-1.8076
-3.3863
-1.4106
-0.21394
0.48797
-3.8167
-1.9555
-2.1786
-2.3299
0.0031201
1.3518
1.2309
-5.0301
-3.0799
-2.2987
-1.239
0.75896
1.6799
0.63655
-6.0598
-3.518
-2.0336
-0.69745
0.75108
0.84546
-0.55648
-3.6817
-6.7526
-4.577
-2.9883
-1.4781
-0.46651
-0.8734
-2.1234
-2.3142
-1.4233
-3.0866
-4.7331
-2.8829
-0.036127
-1.7104
-3.8203
-3.7181
-2.899
-0.98193
-0.17296
-1.9409
-3.5713
-2.9915
-1.8483
-2.2677
-0.50816
0.14329
-0.90784
-2.0042
-0.93587
-0.40804
-0.8172
-4.8392
-1.2792
-0.66008
-1.7713
-3.0061
-1.1022
0.11806
0.11686
-2.7264
-1.2369
-1.8439
-1.8554
0.16358
1.5077
0.67886
-3.9934
-2.3898
-1.7976
-0.70867
1.0194
1.7875
0.27331
-5.1661
-2.7028
-1.4904
-0.014902
0.88992
1.0637
-0.8471
-3.9594
-5.8818
-3.7747
-2.4198
-0.83535
-0.30432
-0.60254
-2.1059
-2.0441
-1.5621
-3.2305
-4.8426
-2.3147
-0.11716
-2.0066
-3.6961
-3.6012
-2.6286
-0.82601
0.31803
-1.4454
-3.1423
-2.5373
-1.366
-1.7064
-0.41965
0.37637
-0.55355
-1.6001
-0.37013
0.12126
-0.27068
-5.119
-1.3946
-0.69879
-1.48
-2.6649
-0.62684
0.518
0.64376
-2.9821
-1.4628
-1.7101
-1.5572
0.74428
2.0177
1.164
-4.3667
-2.5919
-1.8046
-0.71868
1.4378
2.1943
0.7376
-5.637
-3.0193
-1.6706
-0.1269
1.2198
1.4501
-0.40857
-3.8952
-6.3679
-4.1429
-2.6864
-1.0555
-0.29858
-0.49948
-1.9881
-1.9389
-1.4375
-3.1875
-4.6765
-2.0285
0.26637
-1.7589
-3.5985
-3.3582
-2.3629
-2.1802
-0.40951
-2.2918
-4.0214
-3.3884
-2.0046
-1.7063
-1.6386
-0.41645
-1.5877
-2.5961
-1.5228
-0.53072
-0.49081
-6.5773
-2.4621
-1.3995
-2.3221
-3.73
-1.6988
-0.26654
0.33325
-4.2091
-2.3142
-2.4835
-2.7611
-0.36025
1.0117
0.96708
-5.2049
-3.3203
-2.565
-1.5951
0.7049
1.7331
0.6818
-6.3364
-3.8053
-2.1979
-0.87874
0.74067
0.98296
-0.3489
-3.8552
-6.9599
-4.7462
-3.2051
-1.7549
-0.59587
-0.89542
-2.0754
-3.2778
-2.2183
-3.5895
-5.0477
-3.5741
-0.7351
-2.2617
-4.244
-4.0218
-3.0201
-2.4941
-0.83121
-2.5665
-4.4018
-3.7573
-2.4725
-1.9725
-2.0149
-0.82053
-1.7886
-2.9138
-1.8343
-0.8734
-0.70346
-6.7387
-2.7723
-1.6641
-2.4349
-3.793
-1.9551
-0.69078
0.025013
-4.3967
-2.456
-2.62
-2.9662
-0.71494
0.6005
0.61652
-5.4414
-3.5798
-2.7769
-1.8356
0.30081
1.3403
0.26877
-6.5235
-4.0679
-2.564
-1.3414
0.23874
0.6212
-0.77848
-4.1244
-7.0421
-4.9462
-3.5359
-2.0662
-0.88728
-1.0941
-2.4458
-3.551
-2.2811
-3.6053
-5.0676
-3.9204
-1.1306
-2.4561
-4.4775
-4.1958
-3.38
-2.4365
-0.77688
-2.7083
-4.5531
-3.8894
-2.5084
-2.1652
-1.8974
-0.62043
-1.8387
-3
-1.9116
-1.005
-0.87834
-6.651
-2.5463
-1.4377
-2.4554
-3.9411
-2.1241
-0.74324
-0.071503
-4.2333
-2.3675
-2.5526
-3.0986
-0.89809
0.56232
0.53936
-5.3012
-3.3553
-2.7908
-1.9983
0.15423
1.208
0.2952
-6.4247
-3.9933
-2.659
-1.4094
0.11032
0.52374
-0.76794
-3.9698
-7.0364
-4.9447
-3.5933
-2.1674
-0.9607
-1.0802
-2.3277
-3.7244
-2.5724
-3.9297
-5.2943
-3.8953
-1.2244
-2.6406
-4.6338
-4.2887
-3.3458
-1.1188
0.55939
-1.5078
-3.506
-2.9498
-1.6029
-1.2667
-0.49281
0.66365
-0.72068
-1.9966
-0.97325
-0.025314
0.062525
-5.525
-1.2943
-0.24037
-1.3968
-2.9672
-1.1005
0.22432
0.90407
-2.8619
-1.0833
-1.5681
-2.0545
0.2346
1.581
1.5514
-4.1479
-2.2625
-1.7479
-0.95923
1.3451
2.2279
1.2572
-5.3857
-2.9786
-1.5851
-0.21888
1.3183
1.4896
0.11592
-3.3924
-6.1632
-4.0786
-2.5899
-1.0116
0.066129
-0.24745
-1.5732
-2.1668
-1.1667
-2.8391
-4.5046
-2.41
0.40614
-1.3887
-3.7503
-3.5637
-2.5419
